1000
81 652
245 415
204 531
178 425
167 530
83 425
499 702
367 500
138 538
359 627
310 981
781 872
47 817
304 526
92 686
524 933
337 529
220 938
715 732
262 397
233 831
38 934
330 537
219 653
279 674
577 984
260 800
116 428
198 641
289 731
326 663
663 812
102 543
234 275
168 630
400 888
277 461
142 685
165 337
360 838
288 616
173 227
288 439
637 654
280 736
606 925
89 751
293 620
205 542
709 919
158 834
460 646
144 434
139 598
481 850
448 788
137 312
26 576
31 952
231 564
766 840
188 516
807 928
161 821
11 79
197 529
237 988
22 194
132 685
620 964
534 759
671 763
70 788
21 598
513 818
604 935
352 791
632 803
950 963
452 960
393 981
508 629
54 320
3 803
622 738
118 271
732 880
293 801
19 242
174 188
129 754
123 458
919 925
89 868
887 892
180 631
39 224
544 612
92 614
698 829
587 816
318 452
47 96
418 470
643 690
443 605
123 727
42 252
651 692
261 889
440 584
159 520
479 483
54 922
96 752
103 682
554 919
317 351
1 820
690 734
339 815
485 937
65 736
68 978
239 428
308 363
30 179
521 860
575 661
756 782
678 884
789 948
139 789
264 789
959 998
125 479
336 963
61 752
50 391
477 819
127 981
10 191
64 657
318 870
3 990
425 667
214 886
26 614
704 877
14 814
226 644
138 561
551 606
656 665
483 941
484 921
675 961
282 618
503 738
79 287
505 711
742 745
276 710
767 980
933 938
164 993
483 576
76 182
33 740
189 973
575 672
245 887
526 698
504 787
142 381
865 885
853 961
128 627
22 745
459 960
677 804
253 475
550 638
670 786
642 974
568 994
590 997
454 695
310 467
833 847
50 451
303 732
10 710
32 783
454 593
131 343
396 817
33 383
168 718
54 711
399 493
278 489
732 988
455 535
41 720
301 491
32 769
130 146
93 280
513 547
224 855
29 620
411 671
4 741
410 930
451 774
81 808
262 796
149 812
204 250
868 902
46 988
543 934
26 117
174 630
398 924
484 952
369 507
372 714
599 995
133 401
768 941
382 481
88 644
530 689
199 749
245 590
523 736
139 204
313 901
176 185
21 710
78 128
527 841
477 801
188 934
229 955
226 710
313 336
217 705
1 904
590 965
52 500
465 990
608 717
302 792
363 892
19 812
440 690
212 241
166 399
395 526
705 751
41 456
415 512
415 609
767 926
356 618
329 820
608 936
536 909
728 780
539 624
63 798
229 361
655 746
180 759
464 492
282 299
696 856
811 816
462 577
741 818
70 195
154 989
5 877
84 414
37 656
805 975
100 203
166 754
276 300
144 286
91 919
298 442
252 967
114 428
181 854
375 597
275 938
528 632
166 293
173 715
330 689
429 977
243 494
534 895
122 171
38 212
90 479
56 510
83 975
263 835
180 784
455 989
721 868
86 238
152 160
410 489
193 386
269 787
155 232
353 681
325 718
564 766
425 549
173 983
8 399
245 579
143 585
215 385
452 822
452 963
325 861
517 804
72 246
304 829
336 578
181 903
97 406
20 954
193 521
272 936
532 552
202 694
468 938
271 908
711 759
83 233
388 571
168 600
255 460
37 997
177 590
291 995
311 625
300 498
587 855
406 769
322 470
451 937
259 710
17 207
420 792
451 990
179 402
157 990
505 656
379 598
34 669
592 658
244 331
155 185
275 830
300 942
392 596
206 588
101 795
574 872
25 586
116 861
370 426
106 434
484 874
31 259
504 974
835 917
71 569
371 751
313 698
50 293
56 989
509 851
424 783
380 720
593 800
578 836
293 314
363 539
393 776
279 798
714 718
465 639
136 188
389 833
500 790
478 907
680 778
415 913
103 147
255 632
739 819
52 832
111 194
238 590
739 938
7 869
452 685
645 940
33 872
124 723
601 822
600 630
44 280
512 735
495 542
280 989
172 666
683 776
365 625
366 654
234 363
167 660
657 918
106 790
229 689
512 863
182 493
813 814
677 889
430 547
523 887
188 710
58 744
316 774
368 681
83 427
439 914
183 249
95 706
135 972
286 836
349 467
162 328
568 632
178 190
713 998
59 417
474 900
215 802
170 248
26 895
160 252
464 852
343 910
557 666
194 397
501 745
13 181
259 644
748 800
97 173
512 589
155 764
415 957
14 330
478 577
39 81
736 855
78 284
116 840
512 744
385 596
397 609
128 867
40 228
213 666
324 530
801 831
293 567
622 787
580 616
550 619
286 696
825 979
715 940
170 810
452 554
60 758
885 951
278 342
295 464
554 788
176 707
468 618
273 756
442 853
371 991
418 823
628 999
343 748
917 938
152 741
822 909
124 152
146 781
466 609
19 76
251 748
717 725
71 350
824 864
546 554
206 376
834 963
710 726
528 663
31 978
756 800
292 907
437 923
388 688
115 397
497 759
717 835
213 787
184 389
2 737
208 934
464 897
189 393
920 958
204 936
302 959
87 593
217 361
29 904
101 426
370 859
87 922
486 693
225 229
227 874
317 808
133 786
56 530
365 673
801 876
102 652
186 738
403 695
451 723
306 551
28 500
409 773
114 453
338 611
681 836
350 916
53 995
402 482
154 582
734 767
382 418
567 836
508 882
958 969
604 627
456 508
268 654
119 580
72 542
753 808
378 724
372 454
128 935
62 774
440 892
795 821
309 982
388 816
708 863
125 819
686 984
339 626
251 557
323 809
99 617
427 476
232 692
199 819
166 324
232 605
215 379
778 876
165 360
43 575
168 224
393 910
18 151
600 754
409 574
24 428
25 206
68 499
50 437
886 954
373 470
910 940
687 848
559 815
851 857
133 427
24 525
336 527
287 894
632 820
411 695
71 843
616 694
138 404
376 743
357 467
197 266
44 406
572 953
155 602
429 735
804 933
268 611
505 682
313 907
324 601
75 166
24 690
513 859
445 953
240 801
436 772
177 419
479 723
101 433
229 529
162 167
129 684
366 781
633 687
30 956
105 640
15 474
146 684
527 591
767 989
743 760
202 513
33 288
235 388
816 817
916 983
600 977
109 111
96 317
148 346
403 787
802 876
801 948
679 912
890 900
445 632
659 999
145 298
383 731
199 686
546 601
533 874
552 995
220 983
90 130
493 918
268 719
420 720
666 983
98 555
882 895
539 892
35 893
190 627
765 875
663 825
357 827
536 731
351 870
793 950
867 999
618 637
356 938
37 955
135 339
572 862
29 400
273 816
5 434
550 899
231 723
212 409
431 748
133 139
441 969
320 925
561 659
937 948
269 974
903 959
460 764
488 530
345 515
112 300
10 701
283 849
413 732
514 692
182 512
480 646
571 622
633 799
88 483
580 751
61 834
61 872
591 949
463 711
287 822
114 340
315 831
622 914
313 727
427 590
72 495
69 468
220 994
452 829
307 384
719 931
217 992
166 590
582 652
220 980
446 473
303 559
181 760
568 838
346 845
339 779
199 769
159 763
418 962
76 943
345 873
562 794
735 864
79 797
386 410
17 210
855 927
864 966
431 459
155 304
285 776
545 994
484 504
659 901
466 601
329 810
474 825
689 723
561 801
837 946
205 563
417 508
132 371
735 942
241 802
245 929
239 526
9 825
94 483
261 559
435 589
369 612
63 91
300 623
244 488
806 920
693 779
176 222
150 308
117 951
362 549
74 231
56 952
45 434
694 890
604 677
324 635
49 288
414 939
23 657
294 426
118 462
36 73
222 293
343 410
243 524
123 754
426 668
101 161
51 470
147 425
79 133
366 748
162 181
203 656
81 170
848 984
551 920
19 195
493 713
16 956
430 956
122 975
634 855
325 428
684 926
101 114
58 849
238 479
362 486
531 792
567 639
469 514
884 911
15 403
597 971
771 904
400 892
255 878
657 877
913 931
31 582
26 639
857 879
228 592
342 371
123 260
362 988
272 728
743 872
26 820
65 796
464 723
39 952
70 916
609 1000
190 828
205 383
181 261
61 408
205 403
327 779
14 492
94 666
763 889
188 788
252 708
782 936
67 974
86 489
241 694
420 488
235 870
415 625
483 685
39 175
305 439
453 717
382 796
898 910
85 623
682 697
336 984
464 754
310 549
242 550
82 594
180 322
303 946
137 947
121 982
175 421
425 891
225 572
122 625
247 481
206 529
893 928
513 743
174 998
240 643
75 236
321 396
768 975
341 714
112 675
186 286
95 610
177 671
153 533
13 144
399 701
326 893
405 593
69 942
63 930
5 181
651 853
400 418
93 828
131 291
316 767
213 576
104 277
161 883
26 256
6 173
78 417
22 332
174 752
103 963
144 814
107 464
348 507
233 527
363 599
365 817
30 745
577 658
811 848
456 818
188 342
265 461
144 759
286 932
248 895
34 61
141 743
443 876
109 647
597 969
138 823
205 313
241 882
81 862
32 51
238 536
349 373
131 854
139 492
414 739
448 738
151 481
378 940
275 938
243 486
534 661
380 846
613 865
78 86
488 694
109 581
77 482
929 930
773 964
378 420
157 863
13 177
116 989
390 615
53 228
586 858
589 888
