699
762
765
872
938
839
310
802
306
822
874
807
880
516
813
690
890
451
504
816
669
464
367
509
429
974
722
697
670
622
521
337
602
748
364
683
825
349
917
590
992
492
953
312
418
857
606
918
772
495
797
374
445
696
333
846
618
485
520
806
345
573
868
656
907
778
322
760
440
553
808
315
845
506
330
925
965
815
369
570
986
817
529
420
888
984
786
525
864
734
311
348
527
489
320
442
643
450
795
870
804
649
365
926
701
499
373
334
534
412
644
550
710
700
428
535
798
357
512
996
555
711
906
896
624
719
947
546
922
873
842
526
964
688
325
387
949
519
483
458
576
935
693
469
708
410
416
712
766
425
375
844
466
552
599
779
770
389
740
439
875
811
812
881
409
399
327
747
572
803
565
432
475
567
607
957
463
447
910
882
788
515
645
970
595
750
459
676
616
433
660
952
756
583
631
736
342
531
819
895
377
758
878
640
503
757
528
436
673
452
448
776
856
809
727
479
556
611
672
619
764
852
568
884
791
915
378
994
954
548
934
593
955
564
598
604
826
393
371
836
385
768
384
818
454
833
398
488
981
571
654
615
394
366
892
763
985
919
924
979
346
885
692
658
761
317
569
775
787
591
675
537
956
801
975
314
328
437
361
547
620
518
414
901
628
380
368
579
478
887
703
350
851
709
395
767
706
861
707
657
626
862
941
662
323
860
347
691
538
648
751
497
951
939
912
908
855
324
678
580
771
383
562
501
585
945
500
587
522
582
379
558
655
370
533
832
413
745
784
869
927
636
909
716
834
782
430
733
898
831
304
664
536
931
422
899
929
523
883
498
577
487
971
360
471
962
921
752
889
539
651
574
794
705
588
682
828
735
331
978
995
972
723
848
659
614
474
449
674
854
755
540
699
790
724
542
650
490
982
838
948
609
575
867
894
730
404
596
717
581
481
401
731
886
340
353
307
563
942
313
362
326
718
505
561
694
632
339
891
923
916
810
434
914
613
967
486
381
541
610
850
903
453
589
991
335
928
849
592
769
980
319
738
457
637
973
623
920
728
336
689
830
356
560
376
713
634
749
600
737
966
858
621
871
397
359
681
680
608
988
652
959
482
329
517
824
792
405
354
893
343
309
667
396
721
720
789
549
441
484
993
423
726
424
594
402
639
411
494
617
933
877
847
958
783
963
781
829
627
601
821
472
796
999
969
332
987
460
351
940
879
363
578
597
584
876
554
853
408
679
698
406
480
308
444
930
355
316
629
820
746
321
303
341
462
551
863
866
793
961
421
392
646
990
510
663
344
530
843
714
814
661
715
511
687
532
502
666
625
635
865
977
388
897
586
754
739
983
318
641
431
653
638
686
470
545
800
390
835
932
647
524
732
799
302
743
780
729
741
753
968
633
467
461
859
566
476
455
477
493
605
491
695
805
777
427
443
840
496
989
426
372
513
668
900
382
407
904
998
936
944
305
902
403
905
684
946
415
400
544
704
557
456
612
508
759
937
671
419
997
468
773
911
943
827
543
301
391
677
358
603
473
785
744
702
386
823
685
438
507
725
950
417
837
465
352
976
913
559
774
642
841
630
960
338
446
514
742
665
435
