700
64327920
4309004
89008281
79030116
34965654
536988
82642475
2524567
58267284
64911918
92907046
92838905
56947717
75064436
90063192
5215596
97551852
985958
84860081
8251975
86624994
58788263
22818787
86767939
1858980
62579300
57209435
9755546
90544825
80568206
82954860
25821865
12035097
17339592
21814884
58385155
80070478
88253042
92208293
15591467
35189815
99894694
49974257
18142043
74690077
21465211
42131522
40895356
3005094
92269636
58031292
14565661
94015183
77556844
32276784
27666699
39234195
74660737
67766007
98870842
58312702
76204000
77228600
69313712
95906289
83614182
23895343
55047073
56021943
97011778
88508299
85443538
74665303
57403768
37657073
36313044
99689146
38879626
31104972
48959311
63077224
48515856
71754103
3945343
15296213
17447113
33155138
25499257
5146935
41528737
80186997
4130646
96736797
69239062
83352286
19539329
56782193
40080303
29180561
60143807
30399033
1261243
98196358
56076937
66793719
12797240
45067605
14697786
58085567
4459575
91558138
59524715
27650338
32906028
88404525
66188373
84120478
5440564
90922574
80602167
95359734
76602975
22660281
70778225
65372173
79114390
29455198
56430514
45768046
83727201
26459666
90069588
68921031
81048446
86570807
9939245
67732054
2356656
74625589
68876668
38551621
84543840
86666492
61451734
85832114
48979150
27916465
13608902
95396092
96211437
74948885
82139965
62064790
25595072
67525216
84456397
35347962
28730939
85820141
23180490
89730757
36551713
42265450
63243008
93115116
72776950
44999666
48041036
90168267
38873402
93065482
82100030
61140529
57648709
82684889
13736053
65526759
6282963
30153697
18982033
58455848
33267830
16621356
48395054
57573026
69673887
49312011
53078718
67032039
32443777
53491217
29956640
93913712
45394147
55115064
63164657
82715043
58529932
62742948
27766703
21309382
35689052
62026063
56921875
72293902
12885137
23872053
28397203
52718921
99293025
17842813
83188715
97182821
21751191
83766721
57204822
97694355
50962736
79104484
43360721
4574606
39757912
13347308
23708627
5572863
21054576
77964903
31912337
38054020
75387991
80695988
67497729
53593116
2087433
93054659
73884937
89581539
81604367
30929152
15120086
91318446
48250829
58611681
44072673
11294521
57486655
80136211
74914636
2013097
72356700
60888079
12012111
20923224
4518811
44519478
5626651
13173982
37243432
92996592
90988808
83140629
51112819
16662950
75871819
89007484
64917897
81193587
16210325
14031855
30115889
45995144
58229520
20506760
33974923
65037823
32544143
95121855
60253309
91285295
93369007
22300075
82186102
91721338
26120336
41473568
19812472
66080089
65763352
65532947
12962744
3129806
49303423
75787073
31848227
49388569
82367297
13388234
28263819
30029836
31818410
64562833
47300693
68869647
67921529
33062529
62529545
21205735
51103637
83676350
18266222
31540964
10975534
49884622
26949587
60485257
6536552
96666379
4499602
84115939
87663319
87181290
76952571
59814012
15451504
14505029
85038632
60663438
17243512
67268630
69326789
6040724
8168460
25992027
48706208
48962811
42569074
47013453
24333137
36374107
48854163
87255200
96856080
83144395
3048579
53064869
21474336
91513365
10726588
56280754
7662132
3036460
62539710
59707134
78807435
3111146
95606113
29813822
23307650
41485225
36351775
95297768
97387135
84930774
69129063
91788525
675746
1919662
1620238
83177048
28894841
84555888
85760883
54345204
58777682
87947484
42091972
38815948
7954268
89210280
59809070
23778529
33061794
75333574
16708300
24681791
91116666
83591145
87719694
39975075
95227627
84938083
22537648
54703690
99200273
39045133
3751966
30945677
87134707
66640002
9233661
16576225
77545080
84752621
75380193
71421570
45495363
25008982
81258557
19055384
29055566
55416295
27265027
86444950
13306629
66223851
63691184
73391540
79052616
18309618
22092306
25451311
41482083
60384604
56499651
78391090
20182765
33305352
67478426
58547572
94221490
33490697
73757216
17274516
25432452
99199077
91223259
28288390
68788141
17836101
98386614
8255285
16541154
59484250
96730125
653334
91545627
30712069
75543301
41770611
43814106
5679411
24839468
92639939
54549717
33479905
30476841
72960221
16309357
36594451
79458098
89998591
89391397
8919817
79504548
82581008
54300259
2657823
57861443
22754894
49084266
76858299
90649441
8437119
86940019
99444660
32994071
72752586
974069
62016347
90651101
12291296
46738539
24080670
70941714
92463181
93372823
98566693
88507721
79147030
48698581
58375127
36410783
18529972
15254129
24941138
46422681
16555915
61688830
53676548
90687674
94565211
74033211
32439724
84465664
52450171
9487157
25631949
163574
72998242
16910795
55676999
11909834
16649251
35523163
19335934
72866098
18725449
95473041
50065993
30522919
95829113
50738314
13185773
89391451
79462412
93857810
84372549
2104965
6410917
70875576
83244036
98736036
80131370
38697842
85931810
23629648
62410039
33490474
27963028
24342632
73791988
79584698
3231786
17660996
6959073
50064307
92455005
56057804
28528368
31410065
32152229
2926380
55584605
50799201
5111105
17306344
9333588
46398387
70223058
6741165
50289256
85949495
92475835
39626822
66307008
71994386
48660657
9573462
61422940
48974796
5200652
85637716
27053217
82374387
18649149
3815187
89437384
40282800
30173073
79924770
67094684
81790768
6767660
27320686
71289498
81520694
88749867
8367525
65722554
93982738
580197
26445579
20595815
45456519
71029307
94724392
53891162
90552440
55097292
15837751
53176193
91982006
84606737
39069258
86957057
11883581
6222786
84203644
91359701
48844470
975277
4973777
72715096
7243662
79811863
23538454
46070251
28674063
49145393
19983221
34680295
29532751
79911655
65639064
52794576
8890614
91568508
83057393
79372613
58865063
26996109
38036264
22563499
20492683
6971816
43711987
23754711
68583651
30299907
77246888
54367557
22436401
79784195
65594358
54674193
43216760
6701562
22006256
35583043
26434114
95146716
87546464
29102299
43498722
37315936
91185576
74254984
60747621
60185012
21817325
30004833
63207589
17857579
54748139
55058649
84017949
97566809
70876654
67751116
72394093
5855837
1299501
40051707
92009055
69510975
97764558
98591728
35046414
78135801
14001511
5255514
12617625
86457620
41685464
83043455
52410160
52861944
66112032
6445337
50406728
699598
26007894
53920963
4817657
82290454
49813493
78964484
54204300
300976
85015147
