2000 100
200 369
286 260
380 293
372 114
125 373
243 218
355 417
182 127
286 438
263 257
47 499
410 495
251 351
180 374
262 312
388 324
214 476
119 314
103 433
126 258
217 474
442 460
352 477
303 309
487 139
141 188
365 498
439 413
311 448
89 75
18 120
389 255
28 54
472 85
265 431
10 209
400 262
311 130
465 299
431 433
189 212
353 254
172 435
63 462
62 320
173 313
118 391
215 154
127 339
335 351
263 280
296 119
417 39
219 81
405 45
468 287
391 453
265 38
380 324
161 455
220 177
64 95
437 153
184 391
98 457
259 271
328 483
8 32
189 462
295 476
445 341
225 49
306 9
383 204
498 150
97 435
408 155
494 473
72 169
138 493
170 347
396 14
442 7
82 457
311 110
105 23
77 356
33 365
249 418
5 461
486 401
451 339
159 440
27 347
482 209
364 417
51 140
498 291
345 91
242 293
