10000
3244
27065
10790
28239
11508
15703
7722
8426
22383
11329
26269
26438
1922
27607
11432
10740
5957
29284
16323
9121
7047
29449
29142
23715
16658
22007
32414
1233
3887
225
595
8088
13165
946
17288
13899
15007
32123
21586
1211
23332
19887
20140
21512
13419
26002
12314
30646
10165
19951
6285
8451
11805
13577
28807
31864
20438
6357
14975
19903
8373
24934
4999
32180
26095
32681
10028
20158
18723
25682
6814
11104
15515
25366
13073
17163
29903
22043
15202
26935
6954
5549
27902
27314
7697
6194
24576
19767
16930
20064
18073
11586
22713
4013
30645
11811
16313
11015
3291
12369
3721
28614
5973
16898
5212
17119
12434
32248
2998
5210
27080
19614
10028
18694
24285
15187
23403
27755
28808
24070
2683
16128
27060
28419
29765
29854
5157
8460
4179
14133
93
22444
13528
16830
1217
14792
12016
10096
14328
21111
12328
6967
27284
13332
13633
19298
25588
20881
18993
9627
26216
525
20331
5917
16023
25257
9312
7457
25118
2712
23366
14745
24954
17782
23064
8225
12584
18395
3294
12083
3594
4655
3374
2458
269
30144
25331
25641
17929
28689
17005
23468
6633
20598
27513
26399
13323
23517
3603
14878
28394
25327
22553
11165
25594
32344
4177
29913
32467
25954
25262
23694
19346
4809
16847
8811
1148
11211
457
16067
8933
23934
4134
19077
30545
9318
27950
9070
3288
12871
19045
8317
23503
26168
29268
27304
4004
2809
23948
19917
25610
20358
6377
5611
23894
11756
24852
19602
24617
13404
5963
27288
27728
25726
29541
21006
32488
7431
5904
9330
24518
16782
26206
18726
24086
5276
18816
14369
16449
30722
15313
23781
27413
1903
19478
9649
1056
16705
29187
4855
4956
12700
23810
23312
26642
21433
8241
30255
17656
7553
24489
9876
6044
26971
25350
20738
16134
12866
12580
14706
9625
22042
6438
30729
12859
21060
19645
14920
21686
11888
28583
9347
12637
2482
16501
26516
12274
32217
16018
24272
29127
19708
29057
19002
29476
3413
13670
30967
23529
18258
12488
30722
17268
14826
22421
6433
27589
14638
8038
26136
14304
23328
18693
21532
24947
26311
25389
19338
12729
14723
27280
22489
16798
5791
11038
5070
1316
5413
18053
9710
9733
8182
1012
24889
29082
15385
19749
24085
24059
2388
31898
8073
27240
12537
24871
6315
24296
14083
6832
9820
12079
24929
13364
20786
1221
10642
7946
27574
13413
27762
29547
24784
8868
19540
6705
18047
23507
31056
17374
2253
25381
21471
20704
16643
32021
7589
3860
3353
30978
11405
28808
31600
15900
21531
8069
24260
8068
30974
5069
7772
15279
741
3361
22147
27404
8340
5894
23868
486
4663
31177
32562
27019
28150
15553
2286
21678
4809
7636
28748
4874
15758
8764
12848
18504
29785
9355
14453
2595
15371
1005
23590
10698
19494
22702
22513
11397
13535
20988
16088
14236
11125
8429
19242
29557
28866
5316
6578
10748
1552
19568
9518
9287
9261
8533
5635
2939
10434
12111
14894
20713
28128
7668
14718
24957
16348
3866
23040
10329
25949
22170
26811
9405
28083
24403
6814
5930
14698
24945
31159
2503
28959
19951
12966
14339
24211
4954
22096
6524
23550
8152
25560
5152
19878
17514
11979
6545
22959
23918
30106
13262
21045
25704
15438
17681
1432
20225
16247
32499
26903
24400
4965
21718
20897
18777
17307
28036
12007
20947
1665
22548
31926
18991
22873
2062
24196
3541
6260
23759
6473
25777
26534
14382
24464
28398
32503
26719
9165
32257
12187
26904
25841
32490
13605
16371
10556
22966
9975
30740
6994
27209
7677
267
32146
30298
25243
29947
26531
17599
14051
2556
591
14827
4364
12991
13717
7605
23071
12913
31993
28251
1268
10209
22047
25798
4445
21476
32152
3599
20385
7929
28156
7747
30764
8745
21817
24675
27524
14129
29738
26543
11903
21475
7276
26148
30388
13514
16493
19524
23343
6925
18885
5653
32105
8597
10698
26988
15991
28018
22622
26987
21633
15739
13580
25417
21622
7477
32340
14417
1022
16119
21314
10542
1968
16715
29510
26213
16774
25494
12351
2595
29581
28156
18137
24377
31457
20606
4377
6501
14041
15717
18230
25299
28799
17124
17067
25315
22083
10233
30602
8749
24560
4244
6163
28611
11998
11515
5765
11189
15978
30829
31028
6875
30883
19205
13532
10190
838
17122
309
13624
22765
18565
23495
25934
643
12922
11520
31386
1275
19515
17284
13822
22337
17489
6596
22006
29809
17852
6610
6941
24136
16533
21364
30195
9176
9714
22647
16861
16511
6922
13125
12653
26393
26522
11194
20452
3445
9095
20020
15349
19462
26564
26857
32716
26075
1654
29566
10831
3281
3670
5333
3492
13832
7511
15142
18163
4755
18058
31313
29549
116
3902
9330
13965
1991
18283
20662
30109
14397
16721
17518
27773
31436
11356
29282
32672
11173
5963
1128
28503
4199
23953
9013
20562
32402
1019
28786
28003
17982
18580
26387
30342
13581
27078
5604
8479
17758
26817
26724
7554
19907
19233
29143
1464
17590
8138
28311
10625
27783
19223
28587
23445
31641
24117
25754
9263
5326
32201
30593
31948
9280
7129
28516
31024
29746
2281
3266
427
3654
8292
5228
666
15600
5182
31895
13616
16682
7128
28719
25975
4201
2596
7278
22929
11984
3849
31918
15940
31140
10249
6267
15542
30209
1057
26605
7540
30667
24304
21044
7353
13542
5916
31349
21486
6314
1010
20181
23661
27537
20044
3539
3978
9011
20664
13786
2004
28277
17110
4886
18328
20989
13314
24456
10407
26857
6451
10581
31065
7616
29219
29540
27346
28584
18865
17447
13444
6106
5507
5817
4341
9044
14575
25130
30659
21709
12060
11031
14565
25326
8292
21373
23859
26303
26365
7374
28713
3680
18137
4165
5864
26617
23754
16759
6269
22771
2282
7980
15206
5481
22586
18028
7250
11225
12681
3037
25129
31008
18840
12108
29516
6309
8827
28041
4126
9428
6722
25720
30403
23502
19673
32101
29736
31838
19757
20888
1603
28464
31120
15657
29596
4157
28511
5142
31756
11402
25058
11667
1732
2066
22643
14753
29074
0
6115
5346
25952
7458
15129
3756
21502
10907
16124
21852
801
9432
1428
31981
18603
5317
5227
21449
23596
11072
4666
31198
25001
12494
18369
28149
4509
7564
10231
1343
8766
28009
9059
305
22017
1171
19146
14226
21344
14383
1290
211
10715
20301
23622
24734
