5000
91 22
79 60
25 94
21 54
78 10
10 28
25 51
49 75
25 96
89 75
9 1
19 76
43 14
85 85
94 11
20 92
87 30
56 68
74 7
63 43
53 94
32 12
54 39
92 40
87 45
100 24
22 51
47 100
26 39
45 93
96 47
47 50
9 95
70 76
49 24
1 25
68 63
5 38
20 4
15 7
65 7
8 50
85 56
26 88
74 38
92 75
26 59
20 16
42 89
48 86
33 19
18 97
69 86
50 67
72 57
89 45
64 32
72 20
39 85
36 84
45 63
61 92
52 95
55 24
41 100
74 78
35 12
60 1
56 78
77 59
4 17
96 57
72 70
68 16
56 26
5 93
48 79
100 72
11 100
83 52
17 47
75 72
82 30
47 5
64 16
87 81
14 35
100 10
4 21
56 47
28 49
67 25
49 37
65 12
37 41
71 33
68 39
70 45
48 64
17 19
66 82
13 7
10 33
91 53
98 3
43 18
18 77
7 60
69 18
23 26
89 38
48 50
20 61
64 17
3 79
82 57
95 2
6 86
30 29
28 90
74 68
52 69
1 41
56 46
22 3
95 9
81 6
87 99
86 27
20 27
13 62
6 34
26 18
55 67
80 23
52 95
27 47
15 60
97 30
49 85
36 18
37 52
36 33
88 19
0 15
70 27
22 95
100 16
73 26
56 12
13 24
12 70
41 81
80 68
6 73
65 41
78 67
29 60
24 3
32 65
78 67
34 68
39 89
42 92
73 0
4 67
35 53
11 40
32 31
27 51
1 12
72 13
36 8
66 76
66 91
80 69
21 52
75 61
68 68
61 88
37 53
41 95
12 41
16 0
54 38
92 96
43 88
57 45
16 94
39 62
61 83
15 99
27 6
89 87
90 57
63 84
93 68
27 91
70 63
96 31
83 45
66 47
19 12
70 99
49 100
2 0
6 85
96 19
74 28
28 93
23 50
94 30
10 40
57 84
6 69
84 20
86 71
92 100
74 71
67 34
81 20
66 98
24 28
83 12
66 15
16 36
78 77
5 37
69 55
71 68
43 50
60 98
36 75
1 4
72 48
74 19
25 41
68 62
29 20
71 72
71 71
57 12
6 2
16 51
51 21
68 18
68 22
9 19
3 11
4 72
55 0
23 42
65 31
37 70
78 52
89 85
32 83
63 58
5 12
2 79
71 80
18 38
87 93
7 11
75 53
12 93
57 19
57 39
91 81
3 20
70 8
78 89
87 50
50 93
8 19
14 37
11 98
100 30
74 85
13 96
17 10
81 84
27 92
98 3
27 98
67 32
30 39
48 64
79 83
35 97
95 95
65 70
0 58
50 87
26 65
97 0
49 14
22 73
12 96
59 22
99 33
97 17
79 23
91 31
38 24
24 91
90 2
71 6
7 86
30 67
58 96
99 73
72 69
58 56
0 1
80 100
12 31
27 34
25 3
49 49
78 46
95 5
33 68
36 46
85 55
85 27
72 11
8 66
78 72
58 6
43 66
50 61
56 41
28 43
79 84
30 30
37 67
31 87
9 75
6 69
86 8
85 88
35 94
6 50
49 98
17 82
31 86
23 75
97 3
31 86
28 84
76 10
34 85
36 22
74 50
89 79
69 21
26 16
8 20
51 6
29 98
74 79
34 86
46 37
78 48
53 57
4 93
91 34
78 96
61 0
93 93
38 28
8 52
83 19
30 0
70 40
9 13
8 18
42 62
43 65
6 30
24 77
15 90
61 4
57 98
5 70
44 83
68 36
62 22
33 71
56 21
80 8
0 63
42 100
30 59
71 24
58 47
96 62
81 94
15 76
81 37
48 61
16 52
14 93
90 91
9 69
55 10
1 77
87 46
38 2
99 91
66 55
13 22
83 16
18 74
13 1
76 15
73 22
44 51
96 27
36 4
47 32
6 59
39 20
75 22
15 10
13 85
38 90
82 93
47 3
36 95
29 58
56 85
96 35
67 2
53 72
91 94
70 85
73 5
32 19
45 13
74 47
26 31
65 75
97 39
94 15
63 35
80 52
96 18
19 17
66 20
84 52
98 36
35 43
52 40
73 59
88 16
31 74
25 84
42 1
57 92
49 81
6 59
48 57
61 29
100 51
49 38
30 79
3 46
86 39
43 70
45 100
11 3
16 45
33 98
34 38
84 21
70 55
34 84
49 88
91 35
2 79
89 13
0 50
72 21
11 83
83 71
31 68
39 4
66 69
79 66
42 59
55 98
25 60
65 36
39 65
52 42
75 60
75 73
43 74
46 97
30 85
29 8
91 83
2 1
53 41
58 43
46 51
12 69
6 36
29 19
75 18
53 20
21 46
0 93
17 47
15 63
41 79
93 61
50 22
33 10
50 3
90 96
8 74
98 9
56 16
7 68
48 66
80 20
62 62
36 46
97 40
82 70
13 24
40 20
72 16
48 77
76 12
12 23
48 53
96 65
53 90
96 82
79 74
91 89
98 74
69 60
2 99
60 62
0 71
66 30
11 58
69 96
93 0
11 34
51 37
81 57
6 55
90 34
16 94
79 52
63 50
37 77
8 21
67 9
74 16
35 32
66 30
64 87
8 96
30 16
47 69
69 85
36 77
21 56
77 96
19 0
54 2
54 25
58 61
1 1
39 64
14 72
1 14
20 12
93 59
75 65
80 54
10 88
67 45
12 82
60 52
97 98
68 37
13 56
68 39
88 45
38 27
79 86
9 44
9 24
6 64
17 79
44 43
31 19
52 59
11 74
94 5
37 46
57 56
67 47
71 53
31 11
6 13
39 66
40 52
20 34
72 93
97 23
47 91
35 23
22 54
36 63
56 23
14 74
40 34
16 2
51 63
13 1
84 82
20 71
43 63
53 39
0 57
80 63
23 71
20 6
83 81
17 51
49 15
78 65
14 53
83 50
20 29
75 96
36 97
58 89
75 93
94 50
50 47
86 24
54 12
79 55
32 66
28 12
99 20
92 22
57 12
1 27
58 12
61 39
53 50
42 49
36 58
98 23
45 62
50 1
46 42
11 1
77 93
28 97
11 83
32 45
42 24
48 33
13 37
47 40
5 83
100 36
21 42
97 2
86 20
19 12
10 40
97 49
27 34
74 21
29 87
67 37
98 13
14 73
4 30
10 11
76 13
31 43
71 20
37 80
49 27
7 27
45 80
87 77
45 76
90 56
26 11
29 85
73 56
95 37
75 41
9 82
55 6
97 6
44 41
51 11
19 17
65 7
30 69
27 85
26 0
5 64
76 19
49 3
63 60
40 26
69 51
36 16
10 3
75 54
72 57
90 48
53 31
2 18
86 56
39 21
69 95
12 98
24 23
37 59
10 48
14 7
51 18
4 52
76 45
8 61
65 93
94 69
44 26
80 72
79 98
99 60
34 4
84 6
27 65
22 44
59 16
47 71
1 36
76 76
63 94
33 63
0 80
32 61
93 23
11 55
1 34
64 69
40 38
19 61
55 64
20 22
94 65
67 99
58 88
51 36
20 79
82 71
59 40
5 80
94 33
87 27
90 56
76 52
65 14
86 20
43 54
16 90
33 32
50 78
45 93
58 94
94 29
42 16
86 33
65 15
97 21
15 75
25 51
62 89
89 35
100 3
42 39
80 28
36 66
62 95
41 62
72 62
42 79
82 10
79 16
39 62
51 53
31 11
71 76
66 98
98 57
87 0
78 37
73 48
76 9
5 39
54 61
1 27
83 95
62 57
41 82
81 93
72 74
100 36
93 15
51 30
83 78
75 93
100 2
66 85
66 62
68 59
2 71
2 52
41 10
88 1
80 38
31 93
54 53
66 39
2 27
83 36
3 82
19 71
34 6
18 98
44 69
14 0
84 23
61 91
74 40
14 45
9 16
44 57
27 69
86 49
91 39
75 60
33 2
74 96
93 14
47 71
33 83
39 72
1 70
79 86
44 79
97 71
67 34
61 7
52 56
95 96
92 55
50 77
99 73
86 26
59 52
61 80
29 67
66 76
75 75
31 38
92 81
77 29
39 45
69 63
38 30
25 50
95 32
13 85
61 99
48 44
30 60
87 94
54 56
22 33
50 71
37 46
66 23
82 58
51 31
60 2
21 38
61 85
41 70
84 15
81 74
40 83
16 62
93 61
86 75
95 5
15 73
47 12
43 83
25 7
40 95
57 89
80 40
100 80
68 2
72 52
81 37
72 99
92 20
57 61
33 90
29 81
68 84
55 42
32 54
100 2
95 72
34 12
15 39
25 55
64 59
82 97
75 58
13 68
58 53
44 93
99 35
78 58
55 84
84 36
37 27
70 41
61 83
36 52
62 37
95 42
86 55
8 3
25 27
91 83
17 40
60 3
17 3
28 2
21 78
5 23
42 64
20 24
49 50
33 22
48 0
37 91
51 30
77 7
16 33
100 25
64 77
41 67
63 81
80 37
29 90
60 53
0 77
86 11
40 9
97 51
16 17
45 87
90 75
15 47
78 89
20 91
3 99
22 85
8 10
2 93
42 23
24 37
3 85
34 12
37 47
94 31
12 69
4 79
15 3
52 81
63 65
85 70
30 81
34 19
23 56
85 6
1 91
40 5
77 9
27 46
26 28
15 9
94 15
55 76
9 92
25 3
99 67
5 68
54 35
20 76
88 59
40 36
59 4
46 67
34 83
31 48
21 10
59 44
87 57
19 1
4 88
4 38
25 4
49 99
83 72
91 2
58 84
3 47
24 42
4 10
34 85
83 85
42 22
36 9
60 36
70 17
14 43
54 60
88 97
64 29
3 35
35 50
36 98
98 0
100 75
15 5
35 84
80 25
74 6
38 26
91 16
71 91
35 6
92 6
26 64
70 66
64 25
61 2
86 27
37 69
75 56
25 3
57 78
76 69
94 21
59 41
58 42
61 38
43 97
63 77
20 74
24 32
42 49
64 28
32 30
21 14
27 8
52 79
94 0
27 37
75 8
54 32
7 37
30 40
100 4
50 9
47 99
28 67
77 96
24 94
6 54
63 84
42 74
7 35
10 52
23 68
33 89
96 7
94 12
31 51
56 77
65 9
9 11
0 11
85 16
86 0
36 22
79 33
54 5
85 72
18 11
36 16
26 55
71 17
65 94
96 24
70 2
81 89
27 74
94 31
39 44
63 36
14 6
62 98
68 49
95 85
60 75
54 41
67 17
48 61
29 48
51 27
16 62
42 79
49 37
76 86
8 28
56 42
12 0
70 95
63 5
57 31
53 72
28 2
84 39
57 3
55 70
69 56
44 84
42 24
63 16
35 57
15 96
62 57
37 2
44 36
65 83
17 92
18 73
45 96
11 25
66 81
58 44
19 100
82 74
52 52
30 21
13 69
66 9
98 90
88 46
37 81
16 94
13 85
14 59
76 25
56 77
72 94
2 19
19 94
16 99
46 96
83 69
0 29
44 92
25 70
69 78
48 90
98 36
28 81
11 57
21 16
94 50
20 48
58 46
3 0
98 72
36 9
54 34
58 44
55 36
28 33
35 90
51 23
73 44
97 7
2 35
98 93
80 22
38 81
32 1
44 13
49 63
67 4
91 32
64 4
54 59
66 87
74 95
15 47
11 85
37 89
29 90
96 94
70 59
89 21
56 24
76 19
76 33
41 15
94 81
1 99
61 1
24 1
28 58
65 9
79 75
92 59
26 27
88 21
32 82
90 24
36 78
47 26
86 44
9 59
79 27
18 24
32 12
26 47
53 22
82 89
78 95
86 13
66 71
82 30
74 11
43 60
78 79
71 78
33 5
95 37
66 52
7 15
54 41
80 49
55 93
72 12
76 46
22 79
57 5
21 13
40 20
46 33
23 43
15 90
39 2
28 30
59 3
85 94
8 56
66 40
89 34
51 21
95 12
59 70
15 38
53 44
54 22
87 25
15 94
51 83
78 99
33 99
44 1
43 5
21 88
64 21
50 4
14 64
54 99
13 86
57 78
70 51
95 74
95 95
55 85
41 70
9 6
88 37
58 77
82 99
92 33
26 16
73 3
88 32
39 70
80 15
87 13
35 18
86 23
30 67
71 19
4 32
58 41
28 98
92 83
62 58
87 55
88 50
21 74
16 57
61 77
71 82
5 39
0 66
57 22
31 52
42 57
50 90
49 46
47 61
75 6
14 90
57 95
27 83
20 10
60 89
92 35
41 33
69 49
42 18
37 90
76 47
92 85
31 26
28 4
73 1
50 57
80 6
41 2
71 80
100 85
3 27
53 82
17 44
61 96
73 93
75 9
27 30
63 89
1 36
56 32
0 68
14 12
30 4
55 60
5 54
25 87
24 21
82 4
6 89
13 73
52 95
78 89
72 84
39 38
5 94
30 23
79 44
10 34
68 7
15 33
67 28
28 75
17 35
33 27
87 28
45 54
28 68
62 82
49 0
51 60
35 56
1 21
58 13
49 97
71 71
40 58
66 40
25 2
13 51
58 71
8 10
73 3
94 75
96 69
62 67
32 40
41 78
40 57
61 25
71 28
7 38
43 84
57 69
27 83
53 93
67 88
23 62
28 43
3 58
10 85
45 50
100 28
33 82
67 14
54 36
60 98
26 20
66 68
69 35
23 74
8 54
71 21
19 28
84 3
95 28
43 30
26 67
9 46
55 24
82 62
63 86
81 37
45 6
71 36
45 32
24 49
29 80
42 84
60 73
46 82
29 65
8 10
39 13
98 79
31 62
1 77
0 43
27 76
34 15
53 52
44 72
17 39
46 80
7 59
5 54
51 10
73 0
22 88
12 58
13 54
10 67
26 31
31 32
27 54
36 96
75 0
83 78
20 53
63 20
64 14
46 71
95 88
6 61
40 55
49 41
45 24
42 67
58 76
12 6
65 43
95 90
79 17
88 71
63 38
10 32
47 33
4 6
68 38
81 40
30 36
79 62
51 54
36 77
81 45
12 39
8 41
64 56
82 52
62 68
99 61
85 51
2 2
6 100
57 91
22 18
90 27
79 75
84 96
58 36
42 18
22 98
83 27
55 39
23 15
49 22
21 40
81 94
91 39
19 29
41 73
43 11
6 12
76 35
99 54
62 8
20 78
66 38
22 95
13 86
74 59
84 67
100 83
39 39
86 97
50 74
10 80
89 25
76 16
57 81
94 94
36 100
72 91
8 26
42 62
77 54
94 4
98 31
18 47
29 63
62 23
4 86
23 70
33 38
99 93
91 81
21 52
26 3
16 46
30 17
0 32
94 4
65 77
24 44
91 77
58 38
30 17
83 5
70 17
1 75
26 92
98 71
8 29
42 72
1 94
19 20
84 48
37 54
39 52
69 6
48 91
40 58
35 31
56 40
55 32
9 22
3 60
80 99
39 29
88 73
9 53
89 59
57 36
23 82
21 79
38 45
47 1
75 43
10 24
51 48
81 5
64 15
82 92
27 82
92 8
32 11
55 34
78 59
57 24
18 5
26 84
6 61
31 75
67 25
61 32
81 79
85 15
75 82
59 22
20 43
3 57
4 88
45 48
76 36
50 77
18 96
17 55
1 69
75 74
53 90
2 94
68 10
57 58
60 82
69 84
71 13
48 31
13 32
26 87
31 17
62 68
13 9
87 44
45 93
87 35
61 73
52 23
48 9
20 96
92 37
2 2
46 34
26 12
81 34
67 26
84 45
41 20
1 65
80 28
59 20
15 56
82 49
76 47
69 32
8 69
61 27
84 11
31 58
15 46
68 30
98 94
46 56
76 82
99 97
19 69
14 99
34 18
30 31
9 78
23 28
59 22
21 98
82 4
16 24
10 59
87 60
70 91
40 1
73 37
93 57
26 9
72 56
12 37
33 58
53 84
0 40
18 52
23 97
47 4
18 19
25 46
78 87
42 56
96 81
25 93
19 30
76 0
75 3
50 99
87 7
34 17
31 28
59 72
99 78
52 79
18 33
17 18
45 24
69 97
56 30
85 21
13 25
10 52
46 42
57 76
87 99
81 87
2 90
30 72
48 46
33 57
11 42
80 92
33 25
27 68
75 25
55 40
2 4
80 39
53 47
29 76
19 21
73 33
54 90
60 63
2 72
44 98
36 98
98 98
56 56
75 48
17 11
82 45
83 90
68 13
48 33
42 94
19 21
18 79
83 45
10 39
88 90
89 94
18 1
86 33
25 13
56 3
68 32
78 52
89 66
79 69
63 80
1 85
77 53
18 61
29 60
70 89
42 55
51 14
25 87
16 58
91 91
17 7
96 12
60 74
38 18
14 24
28 4
43 66
62 80
94 56
73 38
65 68
75 33
94 50
53 34
76 82
81 63
3 57
59 63
7 78
4 21
73 24
36 17
58 47
20 82
83 23
45 1
19 27
80 56
99 71
53 82
34 5
31 32
7 78
40 80
83 77
64 74
62 44
95 16
70 36
17 39
73 61
33 23
55 15
34 85
89 20
19 35
34 5
10 32
87 6
10 44
17 2
66 83
5 66
4 7
59 83
20 49
74 31
70 16
39 16
55 77
52 36
83 95
30 89
83 7
76 100
61 30
81 52
40 53
43 61
52 33
77 41
28 66
36 19
55 51
82 89
51 38
60 69
89 12
68 40
19 72
35 29
75 29
7 55
50 80
14 98
7 79
1 19
82 27
58 46
8 87
18 83
40 47
97 32
89 23
95 21
0 51
57 79
28 49
13 42
24 92
86 9
50 10
90 54
80 19
39 22
12 82
31 81
44 89
26 78
79 26
73 31
57 99
19 48
5 18
62 43
86 38
11 83
34 100
57 0
42 7
5 27
48 7
18 58
82 38
64 69
54 83
37 30
1 43
36 51
59 49
29 60
50 61
34 6
99 65
81 95
77 29
10 90
59 78
54 54
43 39
40 38
85 67
65 92
78 20
44 67
25 6
68 41
91 72
13 14
1 53
17 1
68 55
88 38
22 90
1 92
100 28
12 86
25 63
85 61
67 99
61 94
63 56
55 18
65 93
9 94
21 75
96 92
55 100
19 47
72 53
70 73
13 5
58 12
29 77
77 1
99 13
92 56
19 15
39 45
32 100
17 36
48 18
85 45
30 79
32 49
56 45
31 58
74 90
96 50
24 81
15 7
55 25
87 36
43 72
38 20
23 15
56 8
78 15
64 20
4 90
16 69
25 7
61 77
68 59
92 21
31 12
64 42
21 19
11 67
4 72
23 42
36 58
91 25
6 92
29 52
58 19
88 18
2 3
10 87
88 65
61 14
34 67
82 17
33 26
30 37
0 43
75 14
92 72
34 74
67 3
9 55
5 91
57 82
31 97
97 59
60 93
36 29
88 87
49 87
74 86
17 42
28 27
23 86
25 31
33 40
64 89
62 72
3 0
17 59
49 82
78 58
30 47
22 100
44 82
3 24
90 26
69 24
13 65
51 30
58 24
65 75
51 49
77 82
70 78
91 31
91 9
67 77
34 35
96 75
98 81
38 47
53 27
80 63
35 66
12 67
29 27
10 61
86 42
21 26
17 98
69 81
18 79
24 58
53 20
54 40
85 42
49 31
73 61
10 10
78 96
41 87
47 89
38 3
20 58
87 42
15 33
35 1
82 81
43 81
99 23
88 35
98 92
20 70
88 57
48 91
77 4
61 90
54 85
50 34
39 98
55 96
69 88
65 39
77 81
28 17
1 80
23 18
22 16
94 96
85 74
48 58
18 22
63 41
58 54
45 33
0 37
26 52
90 74
14 32
97 80
31 17
40 48
19 2
55 18
23 43
54 30
12 36
30 72
0 76
0 57
61 9
59 21
73 0
79 11
81 38
96 45
77 22
20 35
71 75
98 38
33 34
71 68
24 54
49 33
49 43
10 11
69 82
58 55
58 5
5 27
98 98
38 28
85 23
33 85
17 9
14 72
99 69
17 65
70 22
93 66
5 18
84 22
1 22
48 80
76 84
0 55
5 3
24 72
23 37
36 33
28 11
85 59
32 46
90 96
2 99
35 63
78 22
98 98
54 98
17 11
87 29
75 50
89 26
97 57
81 61
73 2
97 2
30 51
64 26
96 51
92 55
88 59
96 8
79 66
7 10
23 56
82 71
79 98
27 69
71 58
20 33
83 69
64 58
75 61
25 20
41 92
18 78
20 12
78 24
86 58
88 3
15 51
4 85
98 10
51 7
50 52
15 79
23 16
38 4
77 62
24 88
92 92
12 3
88 89
31 78
36 83
28 34
52 2
24 96
41 62
1 83
79 1
31 38
53 72
24 76
88 34
96 49
96 78
0 57
39 31
68 87
1 23
4 27
100 21
0 52
64 66
71 67
33 13
1 61
29 19
4 62
12 67
64 90
20 39
10 69
76 97
43 17
39 6
15 5
58 70
35 41
12 39
75 93
80 98
51 88
9 59
34 7
48 16
39 93
27 4
50 72
51 87
8 41
41 100
89 36
79 34
23 21
23 34
61 81
39 51
21 76
88 3
51 42
97 47
84 90
2 49
78 96
73 22
8 80
72 58
92 1
35 23
69 91
84 74
41 25
45 6
9 67
59 86
45 97
49 12
72 21
82 24
15 98
69 31
72 82
85 3
99 42
39 65
23 10
58 21
46 69
96 0
59 58
74 41
86 7
11 27
93 56
94 87
98 39
41 37
46 26
45 65
76 99
9 14
78 66
51 54
77 91
34 20
57 28
12 26
25 69
78 20
88 79
49 28
45 81
56 33
64 66
35 10
95 28
68 19
40 24
21 48
84 31
23 29
28 81
28 61
64 94
96 46
95 92
70 59
24 33
64 27
28 10
77 65
48 87
26 7
36 99
16 36
87 53
34 38
97 84
45 66
88 38
98 99
12 20
3 83
0 65
21 91
9 52
89 70
57 93
84 3
6 14
31 2
53 71
66 82
69 88
94 45
10 33
2 7
20 97
57 36
78 97
38 87
84 13
60 88
15 79
53 78
76 13
53 84
57 79
90 42
8 64
75 45
89 46
26 47
90 60
98 100
100 40
6 69
38 28
31 54
9 69
44 84
72 0
60 83
81 42
77 14
55 57
56 44
21 22
70 66
75 26
55 75
53 80
77 32
82 59
58 95
4 64
25 11
94 90
58 19
73 48
51 84
25 50
16 54
73 60
42 80
49 87
46 26
85 32
89 13
24 70
56 100
25 63
93 64
55 16
4 54
15 43
55 83
68 69
44 24
43 31
74 55
39 77
45 33
48 73
30 49
51 68
32 61
17 91
93 83
87 94
29 82
15 3
91 100
63 81
57 80
7 81
83 89
16 0
95 82
10 69
96 4
91 94
69 56
35 27
25 8
84 8
100 46
45 75
2 16
7 23
95 76
32 61
23 46
29 78
57 95
4 53
63 34
61 39
78 1
24 34
42 49
77 79
53 35
27 21
47 32
15 38
13 34
37 14
27 45
93 31
50 2
70 24
69 31
3 48
7 26
51 70
22 24
82 22
68 45
34 58
82 35
57 89
19 64
17 8
11 16
78 52
57 79
43 81
22 72
58 87
42 78
75 76
51 66
29 17
89 90
75 14
91 59
95 47
11 89
88 66
49 77
64 81
70 46
36 64
78 1
93 56
94 56
83 96
87 77
1 27
65 29
83 73
48 40
31 95
59 78
61 28
72 79
44 8
1 75
26 15
81 23
31 23
74 78
25 47
5 79
18 48
77 29
44 34
15 50
14 52
99 57
88 64
31 45
53 48
66 74
0 95
57 8
72 36
64 20
28 6
88 9
79 59
42 31
87 44
22 42
48 19
85 71
6 59
35 16
31 86
47 71
2 33
3 44
86 54
24 11
61 61
27 80
48 72
36 26
47 70
63 68
59 8
64 19
77 2
99 10
48 96
93 65
88 14
33 3
0 17
55 67
81 72
12 33
93 26
31 28
96 44
66 27
42 41
9 96
86 7
65 34
28 37
2 73
76 76
54 11
27 70
95 33
46 44
37 26
81 48
61 59
50 65
4 32
86 91
91 14
42 32
61 75
49 94
54 76
76 22
69 29
11 56
33 2
80 33
14 0
73 76
8 91
12 94
0 49
47 81
69 17
91 1
14 62
78 8
90 6
50 34
53 85
83 38
12 27
9 40
18 24
82 36
1 87
80 93
60 26
35 20
66 21
89 56
35 11
59 65
27 53
82 81
15 3
54 46
4 19
19 30
17 90
98 3
7 82
97 55
55 96
18 44
57 34
100 67
62 51
18 50
26 2
40 31
9 13
69 59
19 53
26 43
45 3
30 31
42 93
55 83
22 84
54 77
5 22
96 31
33 82
96 77
25 88
93 40
44 77
59 31
96 23
27 32
13 0
28 37
95 82
33 77
99 18
11 61
36 62
91 15
50 6
48 64
98 96
11 5
74 28
54 83
65 8
75 87
47 22
3 56
54 9
50 67
19 2
78 5
21 54
27 9
24 62
45 15
90 1
5 55
90 96
52 1
11 99
99 28
73 90
75 23
34 3
52 57
57 53
1 19
52 49
44 4
9 72
95 22
12 90
54 20
66 92
55 74
11 73
11 87
93 71
57 73
56 39
41 76
75 11
60 48
11 68
92 88
89 62
27 85
71 32
98 13
23 1
10 6
52 51
60 98
16 17
34 18
95 43
48 43
78 12
24 64
44 67
7 58
6 69
41 98
46 2
55 67
18 85
82 83
90 87
77 88
9 76
52 6
11 100
52 62
29 75
69 21
6 20
26 38
45 60
90 85
10 81
24 56
32 8
19 50
4 35
58 91
89 67
68 28
20 67
37 68
76 1
32 87
81 48
95 51
5 53
36 91
66 92
8 59
12 57
49 73
10 94
26 28
68 87
87 38
57 45
4 55
24 93
43 11
0 38
81 16
84 57
78 37
92 66
4 25
9 90
75 14
23 83
69 28
87 26
0 25
89 60
42 86
36 80
58 90
42 3
87 100
25 55
51 46
88 34
88 55
76 62
67 95
25 92
15 51
77 79
28 72
40 22
98 39
25 86
58 34
24 34
86 78
38 88
82 88
1 5
100 65
26 47
56 53
66 86
46 79
76 38
25 34
94 44
7 5
93 94
20 84
43 3
8 28
61 64
52 8
1 22
20 90
31 37
33 22
73 14
35 86
65 44
94 76
37 69
84 79
0 10
20 27
18 93
100 92
88 80
76 11
7 26
70 12
29 30
81 45
80 59
63 53
48 85
50 2
100 3
42 25
41 50
1 82
98 99
97 99
74 57
43 83
23 27
19 51
34 78
95 51
2 71
11 2
60 0
15 48
41 93
61 42
24 93
52 91
16 23
78 30
0 42
13 67
54 0
88 14
8 8
24 25
66 95
45 38
30 80
27 19
54 47
80 19
48 30
55 30
40 49
89 98
68 69
68 53
57 21
69 92
49 59
8 79
27 55
24 60
45 78
11 8
11 58
43 66
10 48
39 85
33 76
48 26
71 42
82 95
89 83
5 26
66 48
43 10
85 21
76 88
43 32
21 61
35 96
50 40
53 43
44 32
23 23
84 59
87 9
18 19
48 36
13 94
34 87
27 63
55 92
4 60
26 26
68 69
25 83
88 18
23 66
42 93
19 1
5 67
84 78
37 4
74 39
54 20
71 44
68 55
7 39
20 87
31 70
54 45
15 69
82 90
13 23
16 22
51 11
59 72
9 33
100 21
92 85
56 46
40 33
95 40
66 99
85 71
16 43
79 65
34 48
73 11
54 19
60 35
67 65
31 26
24 10
85 9
64 68
82 56
55 21
58 49
4 10
87 32
56 42
54 75
46 5
88 74
89 28
52 28
90 64
5 9
1 67
2 99
65 97
60 22
40 17
21 16
53 76
42 98
78 18
37 10
53 41
64 6
4 73
55 38
12 84
4 75
25 52
19 95
31 50
45 49
74 64
23 45
28 0
67 53
39 68
92 18
85 48
80 2
58 85
68 4
46 20
2 66
27 32
64 22
53 46
29 32
92 56
1 30
89 15
20 80
20 23
73 40
91 22
44 39
5 41
95 77
100 2
20 46
51 15
4 53
45 9
81 86
6 45
17 0
5 93
73 48
73 53
15 78
66 64
83 30
30 73
37 87
89 66
67 27
49 3
66 59
64 35
76 43
0 100
8 68
74 6
6 53
99 38
59 61
76 17
68 59
4 88
100 77
43 53
32 16
24 85
72 70
54 54
47 40
34 92
85 92
76 37
26 93
19 37
0 48
30 53
18 48
67 70
16 68
94 43
65 20
91 91
51 71
89 47
2 0
64 87
100 25
13 99
84 99
41 48
42 53
37 75
81 76
34 59
41 82
47 98
59 63
68 30
26 23
31 72
94 13
96 90
80 36
16 41
68 7
84 85
83 4
47 48
95 9
60 63
71 44
24 83
86 17
20 5
38 30
3 75
99 88
0 11
68 34
66 23
84 50
32 1
3 25
56 17
0 6
12 62
80 54
54 28
66 24
90 75
20 7
4 41
76 57
21 94
32 4
50 8
90 57
46 81
25 90
43 84
3 51
0 16
29 16
18 36
43 53
12 15
64 43
46 86
43 43
88 35
34 53
45 85
89 38
3 48
22 21
54 87
59 80
56 20
68 68
23 33
87 11
75 98
3 6
28 40
8 73
91 51
85 24
3 55
65 84
65 12
85 53
89 57
7 12
69 74
31 39
63 7
50 16
21 19
27 12
66 71
32 23
3 26
7 43
19 85
9 31
54 98
24 57
40 7
4 31
57 58
98 84
49 27
24 73
11 80
35 30
98 51
32 79
44 62
100 42
23 21
6 80
50 97
74 77
21 23
12 1
81 33
3 47
12 7
4 29
1 48
60 64
96 34
0 83
13 59
33 86
67 53
92 40
64 29
57 54
72 75
82 24
88 13
76 63
78 70
96 79
5 53
10 69
16 69
25 52
46 69
48 68
31 99
27 14
78 64
82 29
33 0
74 36
83 69
11 17
19 73
63 52
73 48
64 23
9 11
51 11
26 74
65 97
99 62
87 78
50 42
16 2
66 19
52 46
86 75
37 58
20 68
57 27
17 5
46 71
32 19
68 63
48 91
92 38
100 44
51 33
92 47
18 16
88 32
43 62
74 93
20 60
25 45
96 33
69 29
47 21
98 21
33 45
69 94
48 27
92 85
58 75
42 9
97 100
100 80
29 54
41 47
6 6
81 54
10 87
22 15
54 33
85 84
15 18
38 96
5 30
59 55
96 6
14 87
3 99
64 93
30 41
23 98
94 46
59 65
4 99
87 3
29 46
25 51
26 49
71 63
65 14
91 90
67 8
34 29
25 11
78 63
19 49
38 74
30 15
2 81
92 90
51 50
92 73
60 66
50 16
55 84
40 44
57 96
86 35
95 58
98 36
29 96
47 78
75 12
53 11
21 45
29 41
2 47
85 76
16 36
15 43
67 13
37 37
90 89
25 43
86 67
82 42
82 5
23 46
59 10
47 10
45 11
64 2
7 54
49 40
4 17
1 97
39 28
67 37
36 44
23 36
41 13
51 78
61 14
74 37
46 60
96 62
79 48
88 51
36 21
85 12
63 3
2 15
45 4
36 15
84 15
83 40
62 83
57 31
80 16
98 27
87 75
94 62
33 16
18 5
51 26
49 40
31 45
41 36
36 85
93 93
60 75
62 93
75 17
21 95
39 73
69 4
86 70
0 26
33 44
64 94
58 99
12 71
30 93
80 41
0 76
83 50
93 93
47 50
84 42
14 62
75 37
13 66
76 88
62 14
63 75
85 36
73 96
34 14
26 36
79 97
47 29
87 52
93 65
26 44
21 20
8 32
78 27
37 38
52 1
46 10
37 88
24 39
92 29
14 25
88 6
10 50
82 55
85 73
36 32
78 49
10 79
33 9
15 44
83 14
100 0
1 96
94 11
46 49
12 75
9 42
15 82
26 3
37 55
12 9
85 51
90 57
83 23
98 55
59 73
25 48
83 68
2 46
54 38
70 99
23 87
7 92
84 71
50 38
64 32
88 41
20 44
39 43
6 59
18 97
50 40
64 4
49 81
6 47
80 72
46 99
24 7
59 100
90 20
80 48
97 58
4 98
100 81
43 16
17 17
52 21
47 83
41 65
34 18
67 60
34 84
13 52
81 21
67 52
64 97
62 10
10 82
49 67
27 46
66 33
90 87
19 26
35 42
29 28
67 48
73 83
14 20
70 47
13 14
93 44
57 20
78 39
89 11
31 41
37 51
96 56
31 14
7 36
92 51
31 84
72 49
16 56
19 96
67 45
60 19
74 66
46 33
45 88
84 63
8 35
79 69
71 69
21 77
31 31
77 77
17 59
83 48
84 76
23 30
14 83
72 56
16 76
10 97
82 29
58 35
86 29
85 60
38 97
99 70
40 86
34 49
91 82
29 95
68 31
97 4
15 2
1 43
14 5
38 87
92 91
28 6
24 7
58 79
100 38
42 41
35 3
94 13
7 94
38 55
19 75
87 52
64 87
49 92
18 97
3 68
70 57
68 5
63 66
96 60
61 89
0 70
24 58
17 96
0 100
23 1
38 52
26 70
42 46
80 80
45 3
19 3
63 47
3 100
88 92
80 14
96 15
15 37
58 15
96 8
20 0
100 37
44 17
86 62
65 36
73 62
47 45
23 0
28 3
20 35
39 44
12 22
61 8
38 31
43 96
43 19
72 94
17 45
18 3
24 44
4 46
35 93
63 6
99 43
63 13
59 16
47 35
47 45
8 29
23 22
26 90
21 95
38 69
23 85
59 1
44 49
38 3
75 40
3 16
95 24
17 39
9 45
36 47
64 50
62 4
33 81
23 53
43 57
26 84
87 44
63 75
90 36
46 16
30 60
97 95
90 5
78 29
46 92
95 61
24 65
74 68
54 79
52 26
14 18
1 4
89 82
7 48
84 100
96 89
70 44
50 90
56 29
80 62
79 74
2 38
2 79
21 50
34 51
30 86
49 99
42 31
0 42
54 55
55 68
80 76
58 14
12 69
64 66
20 57
77 39
46 69
53 79
68 94
73 73
63 35
37 3
99 100
40 9
77 100
46 13
12 42
54 100
59 97
41 44
12 90
73 82
35 31
32 91
76 19
59 18
41 38
100 76
32 27
2 45
78 26
83 83
10 31
3 42
49 21
20 61
67 55
38 14
30 55
84 67
54 56
77 86
54 6
93 21
66 3
59 52
14 54
46 86
81 95
40 54
32 50
67 39
24 18
88 29
3 64
45 61
35 37
53 27
3 31
53 45
50 62
11 38
34 83
11 52
48 51
7 76
21 44
85 5
84 50
28 22
74 74
17 70
71 0
79 37
38 8
12 16
93 60
96 74
73 42
50 74
84 17
85 64
15 94
89 69
3 2
38 69
92 21
72 55
28 88
76 78
32 37
73 50
13 65
10 53
78 90
16 59
41 40
62 53
12 17
43 89
68 57
21 62
69 38
90 89
10 63
10 84
98 44
49 65
33 26
61 21
95 64
100 99
3 62
72 99
62 27
55 49
58 59
82 93
63 51
36 79
66 75
63 2
9 86
78 51
1 66
54 54
44 86
14 100
32 61
87 93
45 35
45 90
95 100
55 54
67 40
67 37
73 98
49 90
11 64
57 1
10 99
57 84
10 38
21 68
58 5
44 51
98 19
21 67
38 15
54 84
52 72
6 92
26 84
63 80
46 39
35 87
37 41
93 3
86 85
61 92
41 86
59 82
80 91
92 89
33 57
74 93
43 54
1 2
33 27
44 25
28 17
20 65
85 77
78 95
94 74
32 68
53 11
18 30
15 9
24 33
86 96
88 35
40 12
25 35
50 79
42 89
38 33
19 64
37 26
4 31
28 20
18 18
25 37
78 59
52 43
71 62
69 29
90 65
7 96
12 95
0 20
55 2
51 58
39 80
22 75
31 11
54 63
23 70
10 87
91 2
50 61
44 58
68 91
49 12
61 38
23 44
86 54
31 2
92 93
49 6
38 9
43 19
85 45
89 7
44 67
44 20
13 78
81 86
6 99
11 3
21 81
27 25
88 33
74 70
42 64
52 79
37 54
38 44
32 73
38 24
50 63
91 84
66 40
48 76
21 8
95 22
82 81
18 75
83 86
48 33
56 100
19 41
47 35
99 15
87 17
3 22
41 15
26 70
56 45
33 38
74 82
52 28
18 27
15 7
3 2
94 28
2 33
98 88
10 87
22 44
52 76
93 45
27 22
98 84
64 44
48 21
98 78
43 74
34 6
38 64
22 39
14 51
71 5
96 93
2 49
38 33
21 3
22 45
86 43
42 75
33 28
4 38
19 65
51 95
2 4
12 2
0 79
48 26
61 51
77 35
89 23
99 67
38 33
6 59
24 58
63 10
60 93
56 25
52 17
65 78
100 37
50 49
21 25
67 38
11 91
64 19
30 31
11 73
71 39
79 60
18 65
19 55
16 83
46 6
30 9
28 82
5 90
13 23
52 35
87 100
77 71
33 9
90 37
44 8
33 38
79 23
18 57
50 94
74 14
95 29
34 74
43 48
71 37
92 75
13 82
73 17
26 69
100 59
95 94
38 7
52 80
8 51
50 63
64 23
37 84
86 27
4 51
6 36
49 88
34 17
30 7
29 82
96 42
33 83
37 35
2 67
89 70
59 10
91 98
50 14
36 10
98 95
52 91
56 67
15 45
41 67
84 18
91 46
19 70
52 2
69 10
95 21
18 57
68 89
95 60
63 22
94 98
18 79
95 84
67 88
2 25
38 61
6 3
34 17
30 29
84 33
80 28
75 65
66 81
71 40
78 3
25 5
55 16
81 87
55 47
57 4
99 5
89 65
11 95
8 50
45 19
26 33
22 55
8 17
32 25
62 90
82 94
42 0
94 69
10 7
71 88
62 21
79 19
35 78
18 68
21 10
89 81
22 4
87 54
35 5
69 31
11 46
87 54
61 23
63 11
13 59
94 50
9 36
24 23
100 62
63 61
76 81
80 20
74 93
80 39
74 69
82 83
7 35
98 26
14 86
84 15
97 38
53 69
25 22
0 98
87 11
68 51
14 85
50 46
81 79
53 89
63 8
76 35
37 70
9 39
62 16
96 41
1 14
24 25
92 38
55 1
34 11
4 22
53 53
27 12
92 32
41 16
60 4
20 63
91 64
69 31
47 49
59 44
58 39
29 23
56 21
99 93
10 79
64 25
43 73
98 96
72 72
7 83
40 49
65 5
98 3
11 58
86 55
10 36
21 26
44 99
12 94
5 69
28 78
81 16
11 62
73 59
0 58
91 8
98 8
82 23
48 61
87 66
53 71
41 6
69 21
55 35
84 1
6 81
97 64
45 3
46 78
60 67
70 77
46 5
21 47
33 70
39 4
79 34
0 51
14 32
48 2
66 50
46 89
91 70
13 71
68 78
4 24
82 87
95 50
11 47
54 50
0 13
13 83
20 13
93 1
40 59
62 93
57 64
90 77
23 3
4 53
12 24
17 80
60 21
63 70
27 73
48 25
9 42
80 60
44 74
83 47
5 63
85 54
35 15
26 94
67 83
16 1
23 8
48 61
12 51
96 11
78 90
32 36
77 19
20 58
33 73
29 32
86 44
62 72
25 82
65 35
44 46
96 59
13 12
57 81
95 55
40 93
22 31
62 35
81 41
77 45
58 97
51 86
71 5
92 30
9 45
60 71
89 1
57 95
26 48
91 35
64 55
87 18
67 10
99 26
79 81
80 59
99 3
53 78
48 26
100 80
24 8
57 43
52 79
65 15
44 92
11 32
34 98
60 21
89 70
85 19
53 44
92 98
72 92
52 81
44 75
8 72
40 83
70 20
85 4
4 85
70 47
79 4
70 30
36 14
53 88
45 22
11 1
100 81
32 19
59 77
72 5
52 51
56 77
51 94
25 75
22 20
14 37
63 87
54 91
57 49
68 46
54 24
85 11
13 67
16 8
40 54
100 73
1 58
48 68
96 55
25 52
99 33
21 33
79 73
89 9
36 30
12 39
43 64
45 43
99 20
98 8
24 45
83 69
72 35
13 6
15 36
93 80
37 44
29 16
78 38
5 80
53 43
17 6
33 22
64 57
13 79
11 32
29 18
83 63
73 24
90 49
21 25
36 77
14 96
5 75
29 91
93 62
7 7
72 58
56 32
69 94
100 59
14 20
69 73
83 96
99 68
56 47
34 97
93 38
98 51
31 51
26 29
84 67
16 81
11 71
63 37
48 45
29 16
99 2
45 87
49 8
68 45
83 66
67 3
97 35
86 49
72 68
10 84
0 86
1 2
79 31
54 78
39 82
23 86
63 35
65 7
25 8
20 16
82 27
97 1
1 87
61 31
90 9
60 54
30 71
45 2
85 9
96 28
11 69
14 75
36 51
35 40
57 96
78 0
39 82
96 88
30 45
20 77
16 13
16 99
78 22
94 1
31 57
97 60
19 64
9 56
61 16
4 83
95 6
82 49
76 1
76 16
81 92
7 88
86 7
5 58
52 7
17 86
34 95
97 42
95 46
56 65
97 54
51 33
66 100
50 14
7 29
61 40
9 53
58 80
0 29
0 27
91 65
28 52
58 62
79 69
8 97
5 40
30 55
81 4
54 24
58 37
88 83
68 62
10 99
81 19
65 37
99 34
35 43
49 29
95 51
77 53
63 90
6 17
21 94
76 1
55 94
14 31
62 48
43 96
5 7
26 63
62 41
14 65
14 62
79 87
53 99
53 10
68 35
0 61
21 36
62 88
0 68
18 24
82 43
38 88
77 11
83 22
2 94
30 70
3 94
90 8
32 97
9 85
37 84
54 86
75 15
45 76
30 70
81 73
39 66
18 37
19 90
70 79
13 98
97 38
100 43
17 15
50 36
46 15
93 80
59 80
80 92
29 6
51 45
38 86
7 27
19 51
69 88
11 87
100 79
33 71
85 8
80 95
56 49
77 62
51 69
15 90
25 40
65 75
87 84
85 84
16 16
75 32
66 3
55 52
94 45
10 89
58 24
4 63
27 14
43 17
65 37
58 14
22 80
89 48
59 24
88 5
56 52
46 3
66 76
62 90
9 35
51 79
40 5
78 82
65 20
95 94
82 81
91 65
87 19
64 66
73 1
68 82
48 27
30 73
16 44
1 7
23 59
88 93
38 33
65 59
20 52
91 5
26 8
55 91
49 68
69 46
80 46
24 39
24 15
50 7
5 16
4 91
61 40
83 42
22 45
84 2
36 65
74 9
97 23
24 51
48 55
71 3
89 92
78 20
42 6
67 88
5 66
63 79
62 19
42 23
26 87
59 22
42 7
96 42
32 26
94 30
93 4
89 7
40 83
91 69
92 72
57 35
46 4
99 100
80 27
70 92
88 11
24 64
19 65
31 81
8 62
82 99
41 15
77 89
70 16
5 22
17 31
31 54
54 94
5 76
66 99
94 60
97 33
66 22
0 65
4 76
86 88
5 51
85 92
48 15
31 94
93 57
86 83
14 4
11 22
2 39
18 34
65 2
82 26
21 63
21 78
72 6
77 25
46 0
65 23
5 87
83 16
59 89
73 36
76 19
38 13
18 25
99 72
58 85
94 26
76 50
28 96
96 94
20 5
8 27
43 80
73 13
43 31
5 46
31 87
40 17
41 3
17 33
100 38
94 74
70 29
28 51
38 89
45 41
52 99
28 21
91 72
51 15
93 65
64 20
7 74
52 1
6 78
17 21
92 11
58 25
32 52
36 55
65 58
54 3
63 69
98 25
30 46
78 49
66 33
68 66
72 25
73 7
93 100
35 52
76 19
12 63
20 39
29 100
94 17
69 41
37 45
71 18
90 86
81 11
53 35
12 83
80 25
11 84
59 61
6 14
7 34
23 3
29 4
70 10
69 52
61 27
17 2
93 73
22 25
85 60
28 34
84 75
82 9
32 68
59 88
77 54
69 12
33 3
15 83
78 41
88 82
81 37
90 73
13 28
96 6
8 20
72 65
6 56
8 57
6 67
67 93
49 80
11 98
74 67
65 77
74 19
82 97
8 71
88 61
94 4
76 33
1 98
6 34
39 45
25 58
49 70
48 100
17 8
82 88
89 29
17 64
33 43
83 42
47 16
88 79
100 50
31 58
2 27
13 100
45 0
41 22
50 26
83 34
60 67
49 82
32 49
7 82
72 20
14 70
92 10
39 74
92 7
98 17
10 74
27 78
55 65
4 41
99 37
80 100
40 72
64 81
88 94
38 7
95 28
43 2
52 31
42 11
74 2
31 47
52 99
52 0
75 47
32 82
53 3
98 22
67 62
83 44
29 9
23 89
61 89
44 15
26 58
23 14
82 69
89 52
46 30
72 72
93 89
94 75
5 37
67 78
44 23
58 93
9 68
6 12
48 51
52 49
13 39
32 20
27 8
6 46
58 17
19 60
94 1
68 97
81 13
89 35
70 17
3 49
53 93
29 45
26 37
43 13
76 62
82 61
64 57
51 30
98 50
94 48
96 17
85 100
56 73
5 53
11 81
58 78
88 21
18 53
89 66
91 80
38 87
18 2
32 24
51 34
99 26
92 1
13 84
26 27
65 46
46 96
68 72
35 3
88 78
22 60
98 93
10 29
18 40
79 33
45 98
62 54
