0
1
3
5
8
11
14
19
25
33
44
56
69
82
96
110
126
142
158
175
193
212
231
251
272
295
318
342
368
394
421
449
478
508
538
571
604
639
675
713
753
795
837
880
925
970
1016
1064
1112
1161
1211
1262
1314
1367
1421
1475
1530
1587
1644
1703
1763
1824
1886
1952
2019
2087
2157
2228
2300
2373
2446
2519
2592
2666
2741
2817
2893
2971
3050
3131
3214
3298
3384
3471
3558
3646
3737
3829
3922
4016
4110
4205
4301
4398
4495
4593
4692
4792
4894
4998
5105
5213
5322
5432
5545
5660
5777
5896
6017
6140
6264
6390
6518
6648
6780
6915
7054
7195
7338
7484
7632
7781
7932
8085
8240
8396
8553
8711
8871
9033
9196
9361
9528
9698
9871
10045
10221
10400
10581
10763
10947
11133
11321
11510
11701
11893
12086
12281
12478
12676
12876
13079
13283
13490
13699
13911
14126
14344
14565
14789
15015
15243
15475
15709
15945
16184
16426
16671
16918
17168
17421
17677
17937
18199
18464
18731
19002
19276
19552
19831
20112
20397
20685
20977
21271
21569
21870
22173
22479
22788
23100
23415
23733
24054
24378
24705
25036
25370
25707
26047
26390
26738
27088
27441
27796
28154
28516
28881
29248
29619
29992
30367
30746
31127
31511
31897
32285
32676
33070
33467
33868
34272
34680
35092
35508
35927
36350
36776
37206
37640
38078
38520
38965
39414
39867
40324
40784
41249
41717
42189
42665
43146
43630
44119
44612
45108
45608
46111
46617
47128
47643
48162
48685
49212
49742
50275
50813
51354
51900
52450
53003
53561
54124
54692
55263
55837
56415
56998
57584
58174
58767
59363
59964
60570
61180
61794
62413
63036
63663
64293
64926
65562
66202
66845
67492
68142
68795
69454
70119
70791
71467
72149
72835
73526
74222
74923
75629
76340
77055
77775
78500
79230
79964
80703
81447
82195
82949
83711
84479
85251
86028
86810
87596
88388
89185
89986
90792
91602
92417
93237
94063
94895
95732
96575
97423
98276
99133
99994
100859
101730
102605
103485
104372
105263
106160
107063
107972
108887
109808
110734
111666
112603
113546
114496
115453
116415
117384
118358
119340
120327
121320
122319
123324
124334
125350
126371
127398
128430
129469
130516
131569
132629
133694
134765
135842
136924
138012
139106
140206
141313
142427
143546
144671
145801
146937
148080
149228
150382
151541
152706
153878
155056
156240
157431
158628
159832
161042
162259
163482
164713
165950
167194
168445
169704
170969
172243
173524
174812
176107
177410
178721
180039
181364
182696
184035
185381
186734
188093
189459
190831
192210
193597
194992
196393
197801
199216
200639
202068
203504
204946
206395
207851
209314
210784
212261
213745
215236
216735
218241
219754
221273
222798
224330
225868
227415
228969
230531
232100
233677
235261
236854
238456
240068
241689
243317
244953
246597
248250
249910
251577
253251
254935
256626
258324
260030
261746
263470
265201
266940
268689
270446
272213
273988
275771
277563
279363
281170
282984
284806
286636
288474
290319
292172
294033
295902
297779
299666
301560
303462
305371
307289
309217
311154
313100
315054
317018
318991
320973
322963
324962
326970
328986
331012
333046
335090
337142
339203
341274
343353
345442
347541
349649
351766
353892
356027
358171
360324
362486
364658
366839
369029
371227
373434
375650
377875
380110
382354
384606
386867
389137
391417
393706
396003
398309
400624
402947
405279
407621
409974
412337
414712
417097
419493
421900
424318
426745
429182
431628
434084
436550
439027
441514
444012
446520
449037
451564
454101
456647
459203
461769
464348
466936
469535
472144
474762
477390
480027
482674
485331
487998
490675
493361
496057
498762
501478
504204
506940
509685
512441
515207
517983
520769
523566
526373
529192
532021
534862
537713
540576
543451
546336
549232
552140
555058
557987
560926
563876
566838
569811
572794
575788
578793
581809
584835
587873
590922
593983
597055
600138
603232
606338
609456
612584
615725
618878
622042
625217
628405
631603
634813
638037
641271
644516
647772
651039
654317
657606
660906
664218
667542
670877
674223
677581
680951
684334
687731
691141
694563
697996
701441
704900
708371
711855
715351
718859
722379
725910
729453
733008
736575
740153
743743
747346
750960
754587
758226
761878
765542
769217
772904
776603
780313
784034
787767
791512
795269
799038
802819
806613
810418
814234
818062
821902
825754
829622
833504
837398
841305
845224
849155
853099
857055
861026
865012
869011
873022
877045
881082
885133
889196
893272
897361
901463
905578
909707
913848
918002
922169
926349
930542
934748
938968
943201
947448
951707
955980
960267
964567
968883
973211
977552
981906
986273
990655
995050
999461
1003886
1008325
1012778
1017246
1021728
1026224
1030733
1035257
1039795
1044347
1048912
1053491
1058084
1062692
1067313
1071948
1076598
1081262
1085940
1090633
1095340
1100061
1104796
1109545
1114308
1119084
1123874
1128677
1133494
1138326
1143172
1148032
1152905
1157791
1162692
1167608
1172537
1177479
1182435
1187408
1192397
1197400
1202417
1207450
1212498
1217560
1222637
1227729
1232836
1237957
1243093
1248243
1253408
1258588
1263783
1268993
1274220
1279462
1284719
1289990
1295276
1300576
1305890
1311219
1316563
1321922
1327296
1332685
1338088
1343506
1348940
1354389
1359854
1365334
1370829
1376338
1381862
1387402
1392956
1398525
1404109
1409708
1415323
1420954
1426600
1432262
1437940
1443633
1449343
1455070
1460812
1466570
1472345
1478135
1483943
1489767
1495607
1501463
1507335
1513222
1519124
1525042
1530976
1536927
1542894
1548878
1554878
1560895
1566928
1572976
1579040
1585120
1591216
1597328
1603455
1609599
1615760
1621936
1628127
1634334
1640556
1646794
1653049
1659320
1665607
1671910
1678229
1684564
1690914
1697280
1703661
1710058
1716471
1722902
1729348
1735811
1742290
1748786
1755300
1761830
1768376
1774941
1781523
1788122
1794737
1801368
1808016
1814681
1821364
1828063
1834778
1841510
1848259
1855024
1861806
1868605
1875420
1882252
1889100
1895966
1902850
1909750
1916668
1923602
1930552
1937519
1944503
1951503
1958521
1965555
1972607
1979675
1986759
1993861
2000980
2008116
2015269
2022438
2029624
2036827
2044046
2051281
2058534
2065803
2073090
2080394
2087715
2095053
2102408
2109780
2117169
2124576
2132000
2139442
2146902
2154380
2161877
2169392
2176926
2184478
2192048
2199636
2207243
2214869
2222514
2230176
2237856
2245554
2253270
2261004
2268756
2276525
2284312
2292116
2299937
2307776
2315632
2323506
2331398
2339309
2347237
2355183
2363146
2371129
2379130
2387150
2395187
2403242
2411315
2419405
2427514
2435640
2443784
2451946
2460129
2468331
2476550
2484788
2493044
2501318
2509609
2517918
2526246
2534594
2542961
2551346
2559750
2568173
2576615
2585076
2593557
2602058
2610578
2619117
2627675
2636253
2644849
2653464
2662098
2670751
2679423
2688115
2696826
2705556
2714306
2723075
2731865
2740675
2749504
2758352
2767219
2776104
2785008
2793930
2802872
2811833
2820813
2829814
2838834
2847872
2856930
2866007
2875104
2884223
2893361
2902520
2911699
2920898
2930116
2939353
2948611
2957888
2967186
2976503
2985841
2995198
3004575
3013972
3023388
3032825
3042281
3051757
3061254
3070770
3080308
3089865
3099441
3109037
3118653
3128288
3137942
3147615
3157307
3167019
3176750
3186502
3196273
3206064
3215874
3225703
3235552
3245421
3255310
3265218
3275147
3285096
3295065
3305054
3315062
3325090
3335139
3345209
3355300
3365411
3375542
3385693
3395866
3406061
3416276
3426511
3436767
3447043
3457340
3467658
3477996
3488355
3498735
3509136
3519558
3530003
3540468
3550954
3561460
3571986
3582533
3593100
3603688
3614296
3624927
3635579
3646251
3656944
3667658
3678392
3689147
3699924
3710724
3721544
3732384
3743244
3754126
3765028
3775951
3786894
3797859
3808845
3819853
3830881
3841929
3852999
3864090
3875202
3886334
3897487
3908661
3919856
3931073
3942312
3953572
3964853
3976154
3987476
3998819
4010184
4021572
4032982
4044413
4055865
4067339
4078835
4090352
4101891
4113451
4125033
4136636
4148261
4159908
4171576
4183267
4194980
4206715
4218472
4230251
4242052
4253874
4265717
4277581
4289468
4301376
4313306
4325257
4337231
4349226
4361243
4373283
4385346
4397432
4409539
4421669
4433821
4445994
4458189
4470405
4482643
4494904
4507186
4519489
4531814
4544160
4556530
4568921
4581333
4593767
4606223
4618700
4631199
4643719
4656261
4668825
4681411
4694018
4706647
4719298
4731970
4744664
4757381
4770121
4782884
4795670
4808479
4821311
4834165
4847044
4859945
4872869
4885816
4898785
4911776
4924789
4937825
4950883
4963964
4977068
4990195
5003344
5016516
5029711
5042929
5056170
5069434
5082720
5096030
5109362
5122718
5136097
5149498
5162921
5176368
5189838
5203330
5216845
5230383
5243943
5257525
5271131
5284759
5298411
5312086
5325783
5339503
5353246
5367012
5380802
5394616
5408453
5422312
5436194
5450099
5464028
5477979
5491952
5505950
5519970
5534015
5548084
5562176
5576294
5590436
5604603
5618796
5633012
5647252
5661516
5675804
5690115
5704450
5718808
5733190
5747595
5762025
5776481
5790962
5805467
5819996
5834549
5849127
5863729
5878354
5893003
5907675
5922371
5937091
5951834
5966601
5981391
5996204
6011041
6025902
6040786
6055694
6070626
6085582
6100562
6115565
6130592
6145643
6160719
6175818
6190942
6206090
6221262
6236457
6251676
6266918
6282184
6297474
6312789
6328130
6343496
6358886
6374301
6389740
6405204
6420692
6436205
6451742
6467304
6482890
6498501
6514137
6529800
6545489
6561203
6576942
6592707
6608496
6624310
6640149
6656013
6671902
6687815
6703755
6719721
6735712
6751728
6767770
6783836
6799926
6816042
6832183
6848349
6864539
6880754
6896995
6913261
6929554
6945872
6962215
6978583
6994975
7011394
7027838
7044309
7060805
7077327
7093875
7110449
7127049
7143676
7160329
7177008
7193713
7210444
7227200
7243981
7260789
7277623
7294482
7311367
7328278
7345215
7362179
7379169
7396186
7413228
7430296
7447390
7464509
7481654
7498826
7516023
7533245
7550493
7567769
7585072
7602401
7619756
7637137
7654545
7671978
7689437
7706924
7724437
7741976
7759541
7777132
7794749
7812391
7830058
7847752
7865472
7883218
7900992
7918792
7936619
7954473
7972353
7990260
8008196
8026158
8044147
8062164
8080208
8098278
8116377
8134503
8152655
8170835
8189042
8207276
8225539
8243830
8262147
8280491
8298862
8317259
8335684
8354136
8372615
8391120
8409654
8428214
8446801
8465416
8484058
8502727
8521422
8540145
8558895
8577671
8596476
8615307
8634165
8653051
8671965
8690906
8709873
8728866
8747887
8766935
8786010
8805113
8824243
8843402
8862588
8881803
8901045
8920314
8939613
8958940
8978294
8997676
9017088
9036527
9055993
9075487
9095010
9114560
9134139
9153745
9173379
9193042
9212733
9232451
9252197
9271971
9291774
9311608
9331469
9351358
9371275
9391219
9411192
9431192
9451220
9471277
9491361
9511473
9531612
9551778
9571972
9592193
9612443
9632721
9653029
9673365
9693729
9714121
9734542
9754990
9775466
9795971
9816506
9837069
9857662
9878285
9898937
9919618
9940328
9961067
9981835
10002632
10023458
10044312
10065195
10086107
10107048
10128019
10149019
10170047
10191104
10212192
10233310
10254456
10275630
10296833
10318068
10339333
10360626
10381949
10403300
10424680
10446091
10467531
10489000
10510497
10532022
10553576
10575158
10596770
10618411
10640081
10661779
10683506
10705262
10727050
10748868
10770716
10792594
10814503
10836441
10858409
10880406
10902434
10924492
10946580
10968697
10990843
11013019
11035224
11057460
11079726
11102022
11124348
11146705
11169091
11191506
11213951
11236425
11258930
11281466
11304031
11326625
11349250
11371906
11394592
11417307
11440052
11462827
11485631
11508466
11531331
11554225
11577150
11600105
11623089
11646104
11669149
11692224
11715329
11738464
11761631
11784829
11808058
11831318
11854608
11877930
11901283
11924667
11948082
11971527
11995004
12018513
12042053
12065623
12089223
12112855
12136517
12160211
12183935
12207690
12231476
12255295
12279146
12303028
12326941
12350885
12374861
12398867
12422903
12446970
12471069
12495199
12519360
12543551
12567774
12592028
12616314
12640631
12664979
12689357
12713767
12738208
12762680
12787183
12811717
12836282
12860880
12885510
12910171
12934864
12959588
12984344
13009134
13033955
13058807
13083691
13108607
13133554
13158534
13183545
13208589
13233665
13258773
13283912
13309085
13334289
13359525
13384792
13410090
13435419
13460779
13486173
13511599
13537056
13562545
13588066
13613620
13639207
13664825
13690478
13716163
13741880
13767629
13793411
13819226
13845073
13870951
13896860
13922802
13948775
13974780
14000816
14026883
14052983
14079114
14105277
14131472
14157698
14183956
14210248
14236573
14262932
14289324
14315749
14342207
14368698
14395221
14421776
14448364
14474987
14501643
14528331
14555054
14581809
14608596
14635418
14662272
14689159
14716079
14743033
14770019
14797039
14824092
14851178
14878296
14905448
14932633
14959851
14987102
15014386
15041704
15069056
15096440
15123857
15151307
15178790
15206305
15233852
15261434
15289049
15316696
15344377
15372091
15399837
15427616
15455428
15483273
15511151
15539063
15567008
15594987
15622999
15651044
15679122
15707234
15735380
15763560
15791773
15820019
15848299
15876614
15904962
15933344
15961760
15990210
16018694
16047212
16075765
16104354
16132978
16161635
16190326
16219052
16247813
16276608
16305437
16334301
16363198
16392129
16421093
16450091
16479124
16508190
16537289
16566422
16595589
16624789
16654024
16683293
16712597
16741934
16771304
16800708
16830146
16859619
16889126
16918667
16948243
16977853
17007496
17037173
17066884
17096628
17126406
17156218
17186063
17215942
17245855
17275804
17305787
17335805
17365858
17395947
17426070
17456228
17486422
17516653
17546918
17577219
17607554
17637924
17668329
17698768
17729242
17759750
17790294
17820874
17851490
17882143
17912832
17943555
17974312
18005105
18035934
18066797
18097696
18128631
18159601
18190605
18221644
18252717
18283825
18314967
18346144
18377357
18408606
18439890
18471210
18502565
18533954
18565379
18596839
18628335
18659867
18691434
18723037
18754676
18786351
18818062
18849809
18881592
18913411
18945266
18977156
19009081
19041041
19073037
19105069
19137136
19169240
19201380
19233555
19265766
19298014
19330298
19362620
19394978
19427371
19459800
19492265
19524767
19557305
19589879
19622489
19655137
19687820
19720539
19753294
19786084
19818909
19851769
19884665
19917596
19950563
19983566
20016604
20049678
20082788
20115935
20149118
20182337
20215591
20248882
20282208
20315570
20348969
20382405
20415877
20449387
20482933
20516516
20550135
20583792
20617485
20651214
20684980
20718783
20752623
20786499
20820413
20854364
20888352
20922377
20956438
20990536
21024671
21058843
21093052
21127298
21161580
21195899
21230255
21264648
21299078
21333544
21368047
21402587
21437165
21471780
21506432
21541121
21575847
21610610
21645410
21680247
21715120
21750030
21784977
21819962
21854983
21890041
21925136
21960270
21995443
22030653
22065899
22101181
22136500
22171856
22207248
22242676
22278142
22313646
22349188
22384768
22420388
22456047
22491744
22527480
22563254
22599065
22634914
22670801
22706726
22742688
22778688
22814726
22850801
22886913
22923062
22959249
22995473
23031736
23068037
23104375
23140751
23177165
23213617
23250107
23286634
23323199
23359802
23396443
23433121
23469836
23506589
23543380
23580208
23617074
23653977
23690917
23727894
23764909
23801962
23839054
23876184
23913353
23950559
23987804
24025086
24062407
24099766
24137164
24174599
24212071
24249581
24287130
24324717
24362342
24400004
24437704
24475443
24513221
24551037
24588892
24626786
24664720
24702692
24740702
24778751
24816838
24854965
24893131
24931336
24969581
25007864
25046186
25084547
25122948
25161388
25199867
25238384
25276940
25315535
25354168
25392841
25431554
25470306
25509096
25547926
25586794
25625702
25664649
25703635
25742660
25781723
25820825
25859966
25899146
25938366
25977624
26016921
26056257
26095631
26135043
26174494
26213983
26253510
26293077
26332683
26372327
26412010
26451732
26491494
26531295
26571134
26611012
26650928
26690883
26730877
26770909
26810980
26851093
26891245
26931437
26971669
27011941
27052252
27092603
27132994
27173424
27213895
27254406
27294956
27335546
27376176
27416847
27457558
27498308
27539098
27579927
27620796
27661704
27702653
27743642
27784671
27825741
27866852
27908003
27949194
27990424
28031695
28073005
28114355
28155747
28197179
28238651
28280162
28321713
28363305
28404937
28446609
28488320
28530071
28571862
28613694
28655566
28697478
28739430
28781421
28823451
28865522
28907635
28949788
28991982
29034216
29076491
29118807
29161165
29203563
29246003
29288483
29331003
29373566
29416171
29458816
29501501
29544226
29586992
29629799
29672647
29715536
29758465
29801435
29844446
29887498
29930591
29973725
30016899
30060116
30103374
30146673
30190012
30233392
30276814
30320276
30363779
30407324
30450910
30494539
30538210
30581921
30625672
30669464
30713297
30757171
30801086
30845042
30889041
30933080
30977160
31021281
31065444
31109648
31153894
31198182
31242513
31286885
31331299
31375755
31420254
31464795
31509377
31554002
31598669
31643379
31688130
31732923
31777758
31822635
31867556
31912519
31957524
32002571
32047660
32092790
32137963
32183177
32228433
32273732
32319073
32364457
32409884
32455352
32500864
32546418
32592015
32637655
32683336
32729059
32774826
32820636
32866488
32912383
32958320
33004299
33050322
33096388
33142498
33188650
33234845
33281084
33327366
33373691
33420060
33466473
33512929
33559427
33605969
33652554
33699184
33745857
33792574
33839334
33886137
33932983
33979871
34026801
34073774
34120790
34167848
34214949
34262092
34309278
34356507
34403780
34451095
34498453
34545856
34593302
34640791
34688322
34735895
34783511
34831169
34878871
34926615
34974402
35022231
35070106
35118024
35165986
35213991
35262039
35310132
35358270
35406452
35454677
35502948
35551263
35599622
35648024
35696470
35744960
35793493
35842071
35890695
35939363
35988076
36036834
36085635
36134480
36183369
36232302
36281279
36330301
36379367
36428477
36477631
36526830
36576073
36625361
36674694
36724072
36773494
36822960
36872469
36922023
36971622
37021264
37070950
37120680
37170456
37220277
37270142
37320053
37370009
37420009
37470055
37520145
37570280
37620459
37670682
37720951
37771265
37821623
37872027
37922475
37972968
38023505
38074087
38124715
38175389
38226107
38276870
38327677
38378528
38429425
38480367
38531356
38582391
38633470
38684594
38735764
38786979
38838238
38889542
38940892
38992286
39043724
39095207
39146734
39198305
39249922
39301586
39353295
39405049
39456848
39508692
39560581
39612515
39664493
39716516
39768584
39820697
39872856
39925062
39977313
40029611
40081955
40134344
40186779
40239260
40291786
40344357
40396974
40449636
40502345
40555100
40607902
40660750
40713646
40766588
40819575
40872607
40925685
40978808
41031978
41085193
41138455
41191764
41245119
41298519
41351965
41405457
41458994
41512577
41566206
41619882
41673603
41727369
41781181
41835039
41888942
41942891
41996885
42050925
42105010
42159142
42213319
42267542
42321810
42376124
42430485
42484892
42539345
42593844
42648388
42702978
42757614
42812297
42867026
42921802
42976625
43031495
43086411
43141374
43196384
43251440
43306543
43361692
43416888
43472131
43527420
43582755
43638138
43693567
43749042
43804567
43860139
43915759
43971425
44027139
44082900
44138708
44194563
44250465
44306415
44362412
44418457
44474548
44530687
44586872
44643104
44699383
44755710
44812084
44868506
44924975
44981491
45038054
45094664
45151320
45208024
45264776
45321575
45378421
45435314
45492254
45549242
45606277
45663359
45720489
45777667
45834893
45892167
45949488
46006857
46064273
46121737
46179249
46236808
46294416
46352072
46409777
46467530
46525332
46583181
46641078
46699023
46757017
46815058
46873146
46931284
46989470
47047704
47105986
47164315
47222691
47281116
47339590
47398113
47456684
47515302
47573970
47632687
47691452
47750265
47809126
47868035
47926994
47986000
48045054
48104156
48163305
48222502
48281749
48341044
48400389
48459785
48519230
48578724
48638266
48697858
48757499
48817189
48876929
48936717
48996554
49056441
49116379
49176365
49236400
49296483
49356614
49416793
49477021
49537298
49597623
49657998
49718422
49778895
49839416
49899986
49960604
50021271
50081986
50142749
50203562
50264424
50325334
50386293
50447300
50508357
50569464
50630619
50691823
50753075
50814377
50875729
50937129
50998579
51060078
51121627
51183226
51244874
51306572
51368319
51430116
51491964
51553862
51615809
51677806
51739853
51801950
51864096
51926292
51988539
52050836
52113184
52175584
52238033
52300532
52363080
52425679
52488328
52551028
52613780
52676582
52739433
52802334
52865285
52928286
52991337
53054437
53117587
53180787
53244038
53307338
53370687
53434087
53497538
53561039
53624590
53688191
53751843
53815545
53879297
53943098
54006949
54070851
54134804
54198809
54262864
54326970
54391126
54455334
54519593
54583903
54648264
54712678
54777143
54841658
54906224
54970841
55035509
55100228
55164999
55229821
55294695
55359620
55424595
55489621
55554698
55619825
55685003
55750233
55815514
55880848
55946233
56011668
56077153
56142689
56208275
56273911
56339599
56405338
56471127
56536967
56602859
56668803
56734799
56800845
56866941
56933087
56999283
57065530
57131828
57198178
57264578
57331029
57397531
57464083
57530688
57597344
57664052
57730812
57797623
57864485
57931400
57998368
58065387
58132457
58199581
58266756
58333983
58401262
58468593
58535977
58603413
58670900
58738439
58806030
58873673
58941369
59009117
59076917
59144769
59212673
59280628
59348635
59416695
59484808
59552975
59621193
59689463
59757786
59826162
59894591
59963071
60031602
60100185
60168821
60237508
60306248
60375040
60443883
60512778
60581725
60650725
60719776
60788878
60858032
60927237
60996494
61065803
61135163
61204575
61274039
61343555
61413127
61482751
61552428
61622158
61691941
61761778
61831667
61901609
61971604
62041652
62111753
62181906
62252112
62322371
62392684
62463049
62533467
62603939
62674464
62745042
62815673
62886357
62957094
63027884
63098727
63169624
63240574
63311577
63382633
63453741
63524901
63596114
63667380
63738699
63810070
63881494
63952970
64024499
64096081
64167716
64239404
64311145
64382938
64454784
64526683
64598634
64670638
64742697
64814810
64886978
64959200
65031476
65103806
65176191
65248629
65321121
65393667
65466267
65538921
65611629
65684390
65757205
65830074
65902998
65975975
66049006
66122090
66195229
66268422
66341669
66414969
66488323
66561731
66635194
66708711
66782281
66855905
66929583
67003315
67077100
67150940
67224833
67298779
67372780
67446836
67520946
67595112
67669331
67743605
67817932
67892313
67966749
68041239
68115783
68190382
68265038
68339749
68414515
68489335
68564209
68639139
68714124
68789163
68864256
68939404
69014606
69089863
69165175
69240542
69315965
69391442
69466974
69542561
69618202
69693900
69769654
69845466
69921333
69997256
70073234
70149267
70225355
70301497
70377693
70453946
70530253
70606614
70683030
70759501
70836028
70912610
70989247
71065938
71142684
71219484
71296338
71373248
71450213
71527233
71604310
71681442
71758630
71835872
71913170
71990524
72067935
72145403
72222928
72300509
72378145
72455839
72533590
72611397
72689260
72767179
72845153
72923183
73001268
73079409
73157605
73235857
73314165
73392529
73470950
73549427
73627961
73706551
73785197
73863901
73942660
74021476
74100348
74179276
74258259
74337297
74416391
74495541
74574747
74654010
74733329
74812703
74892134
74971621
75051163
75130761
75210415
75290125
75369890
75449711
75529589
75609524
75689516
75769564
75849669
75929832
76010053
76090331
76170666
76251057
76331506
76412012
76492576
76573196
76653873
76734607
76815398
76896245
76977149
77058109
77139127
77220203
77301337
77382528
77463775
77545080
77626442
77707861
77789337
77870870
77952459
78034106
78115810
78197570
78279387
78361260
78443190
78525177
78607220
78689320
78771476
78853689
78935958
79018283
79100666
79183105
79265602
79348157
79430771
79513442
79596171
79678957
79761801
79844703
79927662
80010680
80093756
80176891
80260085
80343336
80426645
80510012
80593436
80676918
80760458
80844057
80927713
81011428
81095200
81179030
81262918
81346863
81430865
81514925
81599043
81683220
81767454
81851746
81936097
82020507
82104975
82189500
82274083
82358724
82443422
82528179
82612994
82697866
82782796
82867784
82952830
83037933
83123093
83208310
83293586
83378920
83464311
83549759
83635265
83720830
83806453
83892134
83977872
84063668
84149522
84235436
84321410
84407443
84493536
84579687
84665899
84752170
84838501
84924890
85011338
85097845
85184412
85271038
85357722
85444465
85531267
85618128
85705048
85792028
85879068
85966167
86053325
86140541
86227815
86315149
86402542
86489995
86577507
86665077
86752706
86840394
86928142
87015949
87103816
87191742
87279727
87367773
87455881
87544048
87632273
87720558
87808903
87897307
87985771
88074295
88162878
88251521
88340225
88428989
88517812
88606697
88695642
88784648
88873713
88962838
89052023
89141268
89230573
89319937
89409360
89498843
89588386
89677988
89767649
89857371
89947153
90036994
90126895
90216855
90306877
90396958
90487099
90577299
90667559
90757878
90848257
90938695
91029193
91119751
91210369
91301047
91391785
91482582
91573439
91664357
91755334
91846371
91937468
92028625
92119842
92211119
92302455
92393852
92485309
92576826
92668403
92760040
92851737
92943493
93035309
93127185
93219123
93311124
93403187
93495311
93587495
93679740
93772046
93864414
93956842
94049332
94141882
94234495
94327169
94419905
94512701
94605557
94698475
94791455
94884495
94977596
95070758
95163982
95257267
95350613
95444019
95537487
95631015
95724605
95818255
95911966
96005738
96099571
96193465
96287420
96381435
96475511
96569647
96663844
96758101
96852419
96946797
97041237
97135737
97230299
97324922
97419606
97514351
97609161
97704032
97798967
97893963
97989021
98084141
98179322
98274565
98369870
98465237
98560666
98656158
98751714
98847333
98943016
99038760
99134565
99230432
99326361
99422351
99518402
99614517
99710694
99806933
99903234
99999597
100096021
100192507
100289056
100385666
100482338
100579073
100675869
100772728
100869650
100966634
101063679
101160786
101257955
101355187
101452482
101549838
101647256
101744738
101842282
101939890
102037562
102135298
102233097
102330959
102428885
102526873
102624924
102723040
102821218
102919459
103017763
103116129
103214557
103313048
103411603
103510220
103608900
103707643
103806448
103905318
104004250
104103244
104202301
104301420
104400603
104499849
104599157
104698528
104797962
104897460
104997022
105096646
105196334
105296085
105395899
105495777
105595718
105695722
105795788
105895917
105996109
106096363
106196679
106297059
106397502
106498008
106598576
106699208
106799904
106900665
107001492
107102382
107203335
107304352
107405432
107506578
107607790
107709067
107810407
107911810
108013277
108114807
108216401
108318059
108419781
108521567
108623418
108725333
108827311
108929354
109031461
109133632
109235866
109338164
109440525
109542950
109645439
109747991
109850607
109953287
110056034
110158847
110261724
110364665
110467670
110570741
110673878
110777081
110880349
110983681
111087079
111190542
111294070
111397663
111501321
111605045
111708834
111812689
111916610
112020597
112124651
112228770
112332954
112437203
112541518
112645898
112750343
112854855
112959432
113064074
113168782
113273555
113378392
113483295
113588263
113693295
113798393
113903556
114008784
114114077
114219435
114324857
114430346
114535901
114641523
114747211
114852964
114958784
115064670
115170621
115276638
115382721
115488871
115595088
115701371
115807720
115914135
116020618
116127167
116233782
116340463
116447210
116554022
116660900
116767844
116874854
116981930
117089072
117196280
117303554
117410894
117518301
117625775
117733315
117840921
117948592
118056329
118164132
118272000
118379934
118487934
118595999
118704129
118812324
118920585
119028913
119137307
119245767
119354293
119462885
119571544
119680270
119789065
119897927
120006856
120115852
120224915
120334045
120443242
120552505
120661834
120771229
120880690
120990218
121099814
121209477
121319208
121429005
121538868
121648799
121758798
121868863
121978997
122089198
122199466
122309800
122420200
122530668
122641204
122751807
122862477
122973214
123084018
123194889
123305826
123416830
123527900
123639036
123750239
123861510
123972847
124084251
124195721
124307258
124418863
124530536
124642276
124754085
124865962
124977907
125089919
125201998
125314146
125426363
125538648
125651000
125763419
125875906
125988460
126101083
126213774
126326533
126439359
126552253
126665215
126778245
126891344
127004512
127117749
127231054
127344427
127457867
127571376
127684953
127798597
127912310
128026091
128139940
128253856
128367841
128481895
128596018
128710208
128824465
128938789
129053181
129167641
129282168
129396764
129511428
129626161
129740963
129855836
129970778
130085787
130200864
130316008
130431220
130546500
130661849
130777268
130892755
131008313
131123940
131239636
131355401
131471235
131587139
131703113
131819155
131935265
132051444
132167691
132284007
132400391
132516844
132633366
132749957
132866617
132983345
133100142
133217009
133333944
133450947
133568019
133685161
133802371
133919650
134036999
134154419
134271907
134389464
134507090
134624785
134742549
134860382
134978285
135096260
135214305
135332418
135450601
135568853
135687176
135805567
135924027
136042556
136161154
136279822
136398560
136517368
136636247
136755195
136874213
136993300
137112457
137231683
137350980
137470348
137589786
137709295
137828873
137948521
138068240
138188028
138307886
138427813
138547810
138667877
138788014
138908221
139028497
139148842
139269257
139389743
139510299
139630924
139751620
139872385
139993220
140114125
140235100
140356146
140477261
140598445
140719698
140841021
140962414
141083877
141205410
141327012
141448683
141570423
141692232
141814111
141936062
142058083
142180174
142302336
142424567
142546870
142669242
142791683
142914195
143036776
143159428
143282150
143404942
143527805
143650740
143773747
143896824
144019974
144143195
144266486
144389848
144513281
144636786
144760362
144884009
145007728
145131517
145255379
145379313
145503317
145627392
145751538
145875756
146000046
146124407
146248840
146373344
146497918
146622564
146747281
146872068
146996926
147121854
147246853
147371924
147497065
147622276
147747559
147872912
147998336
148123832
148249400
148375040
148500751
148626532
148752384
148878310
149004308
149130378
149256519
149382733
149509018
149635375
149761808
149888312
150014887
150141535
150268257
150395050
150521914
150648851
150775860
150902940
151030093
151157318
151284616
151411986
151539429
151666943
151794528
151922185
152049914
152177714
152305586
152433529
152561543
152689629
152817787
152946017
153074321
153202697
153331145
153459666
153588259
153716924
153845661
153974470
154103350
154232303
154361328
154490425
154619594
154748836
154878154
155007545
155137008
155266543
155396151
155525833
155655587
155785414
155915315
156045289
156175337
156305458
156435653
156565921
156696261
156826673
156957159
157087718
157218350
157349056
157479834
157610686
157741610
157872606
158003675
158134817
158266032
158397320
158528681
158660115
158791625
158923208
159054863
159186591
159318391
159450263
159582209
159714228
159846319
159978484
160110722
160243033
160375417
160507873
160640405
160773011
160905691
161038444
161171272
161304173
161437148
161570197
161703319
161836517
161969789
162103135
162236557
162370053
162503622
162637266
162770984
162904776
163038642
163172581
163306595
163440684
163574847
163709084
163843395
163977780
164112238
164246770
164381376
164516056
164650810
164785638
164920541
165055517
165190568
165325693
165460891
165596165
165731513
165866936
166002432
166138001
166273644
166409362
166545156
166681025
166816969
166952989
167089084
167225254
167361500
167497821
167634217
167770688
167907236
168043858
168180556
168317329
168454176
168591099
168728096
168865168
169002315
169139539
169276837
169414209
169551657
169689180
169826777
169964449
170102196
170240018
170377915
170515888
170653935
170792057
170930254
171068526
171206875
171345298
171483796
171622368
171761015
171899736
172038533
172177405
172316355
172455380
172594481
172733658
172872912
173012241
173151647
173291128
173430685
173570317
173710025
173849809
173989668
174129604
174269615
174409701
174549862
174690099
174830413
174970804
175111271
175251814
175392434
175533130
175673902
175814751
175955676
176096676
176237753
176378906
176520136
176661441
176802823
176944280
177085813
177227421
177369106
177510866
177652702
177794613
177936601
178078664
178220802
178363017
178505307
178647672
178790114
178932631
179075224
179217894
179360640
179503462
179646361
179789337
179932390
180075519
180218727
180362013
180505376
180648816
180792333
180935926
181079595
181223340
181367163
181511064
181655042
181799096
181943227
182087435
182231720
182376082
182520521
182665036
182809628
182954298
183099045
183243869
183388769
183533746
183678801
183823933
183969143
184114430
184259795
184405238
184550758
184696355
184842028
184987778
185133606
185279512
185425495
185571555
185717693
185863908
186010201
186156571
186303018
186449543
186596146
186742826
186889584
187036420
187183334
187330325
187477395
187624542
187771767
187919069
188066449
188213906
188361441
188509054
188656746
188804516
188952363
189100289
189248294
189396376
189544536
189692775
189841091
189989485
190137959
190286512
190435142
190583850
190732636
190881500
191030442
191179461
191328558
191477734
191626987
191776318
191925727
192075214
192224780
192374423
192524144
192673943
192823821
192973777
193123811
193273924
193424116
193574386
193724735
193875163
194025669
194176254
194326917
194477660
194628481
194779381
194930359
195081416
195232551
195383765
195535057
195686430
195837884
195989416
196141028
196292718
196444487
196596334
196748260
196900265
197052349
197204511
197356753
197509074
197661473
197813952
197966509
198119146
198271864
198424662
198577538
198730492
198883525
199036638
199189829
199343099
199496447
199649874
199803380
199956965
200110630
200264375
200418200
200572104
200726087
200880148
201034288
201188508
201342808
201497188
201651648
201806187
201960806
202115504
202270281
202425137
202580073
202735088
202890183
203045358
203200614
203355949
203511363
203666856
203822429
203978081
204133816
204289631
204445527
204601504
204757562
204913700
205069918
205226216
205382594
205539052
205695589
205852207
206008905
206165682
206322539
206479476
206636493
206793590
206950766
207108022
207265359
207422775
207580272
207737850
207895507
208053243
208211059
208368954
208526931
208684988
208843126
209001344
209159642
209318020
209476477
209635015
209793633
209952331
210111110
210269969
210428910
210587932
210747035
210906219
211065483
211224828
211384253
211543759
211703346
211863013
212022761
212182590
212342499
212502488
212662559
212822711
212982947
213143264
213303661
213464139
213624699
213785340
213946065
214106871
214267757
214428726
214589776
214750907
214912121
215073415
215234790
215396247
215557784
215719403
215881102
216042881
216204741
216366683
216528706
216690810
216852995
217015261
217177607
217340033
217502541
217665131
217827802
217990554
218153389
218316307
218479307
218642388
218805551
218968796
219132124
219295533
219459024
219622597
219786251
219949987
220113804
220277702
220441683
220605745
220769888
220934114
221098422
221262811
221427283
221591837
221756473
221921193
222085994
222250877
222415842
222580889
222746019
222911231
223076524
223241898
223407353
223572890
223738508
223904208
224069991
224235856
224401803
224567832
224733942
224900134
225066408
225232763
225399200
225565720
225732321
225899004
226065769
226232617
226399546
226566558
226733651
226900825
227068083
227235423
227402845
227570351
227737940
227905612
228073366
228241203
228409123
228577127
228745214
228913384
229081636
229249971
229418388
229586889
229755475
229924144
230092895
230261729
230430646
230599646
230768728
230937893
231107141
231276472
231445885
231615381
231784959
231954620
232124363
232294189
232464098
232634089
232804163
232974319
233144558
233314879
233485285
233655776
233826349
233997005
234167744
234338566
234509471
234680459
234851530
235022684
235193921
235365241
235536645
235708131
235879699
236051350
236223083
236394901
236566803
236738789
236910859
237083013
237255251
237427573
237599980
237772470
237945043
238117700
238290440
238463263
238636171
238809164
238982240
239155400
239328644
239501971
239675381
239848875
240022453
240196116
240369863
240543693
240717607
240891604
241065685
241239851
241414102
241588437
241762856
241937359
242111946
242286619
242461375
242636216
242811141
242986149
243161241
243336417
243511677
243687021
243862449
244037961
244213556
244389235
244564998
244740845
244916775
245092788
245268885
245445066
245621330
245797680
245974116
246150636
246327240
246503929
246680703
246857562
247034505
247211533
247388645
247565842
247743123
247920489
248097940
248275475
248453095
248630799
248808588
248986462
249164423
249342468
249520597
249698811
249877110
250055494
250233964
250412518
250591157
250769882
250948692
251127586
251306566
251485631
251664781
251844015
252023335
252202740
252382230
252561805
252741466
252921213
253101044
253280959
253460959
253641044
253821214
254001471
254181812
254362240
254542753
254723351
254904034
255084802
255265654
255446590
255627612
255808720
255989914
256171193
256352559
256534011
256715549
256897173
257078882
257260677
257442558
257624526
257806579
257988717
258170942
258353253
258535650
258718133
258900702
259083357
259266098
259448926
259631840
259814840
259997925
260181096
260364354
260547698
260731129
260914647
261098253
261281945
261465723
261649587
261833536
262017571
262201691
262385897
262570189
262754568
262939033
263123583
263308220
263492942
263677749
263862641
264047620
264232685
264417835
264603071
264788395
264973805
265159301
265344884
265530554
265716311
265902155
266088086
266274104
266460211
266646405
266832685
267019054
267205510
267392052
267578682
267765399
267952202
268139094
268326072
268513138
268700291
268887532
269074859
269262274
269449775
269637363
269825038
270012800
270200648
270388582
270576603
270764711
270952905
271141185
271329553
271518009
271706552
271895184
272083903
272272709
272461603
272650584
272839653
273028811
273218057
273407390
273596810
273786318
273975913
274165596
274355369
274545229
274735179
274925217
275115346
275305563
275495867
275686259
275876738
276067304
276257958
276448700
276639529
276830446
277021451
277212543
277403724
277594996
277786356
277977803
278169340
278360964
278552676
278744476
278936364
279128339
279320402
279512554
279704794
279897122
280089539
280282043
280474635
280667315
280860082
281052936
281245879
281438911
281632030
281825238
282018536
282211923
282405399
282598964
282792618
282986360
283180191
283374111
283568120
283762218
283956406
284150683
284345048
284539501
284734042
284928673
285123392
285318199
285513094
285708079
285903153
286098317
286293570
286488912
286684342
286879861
287075468
287271164
287466950
287662825
287858789
288054841
288250983
288447214
288643533
288839941
289036438
289233025
289429703
289626469
289823326
290020272
290217306
290414429
290611641
290808942
291006332
291203812
291401382
291599041
291796790
291994629
292192557
292390575
292588682
292786879
292985165
293183541
293382006
293580561
293779205
293977939
294176764
294375680
294574686
294773782
294972967
295172244
295371611
295571070
295770618
295970256
296169983
296369799
296569704
296769700
296969786
297169962
297370227
297570581
297771025
297971560
298172187
298372904
298573711
298774607
298975593
299176668
299377833
299579087
299780431
299981867
300183392
300385007
300586713
300788510
300990397
301192374
301394444
301596604
301798854
302001195
302203626
302406151
302608766
302811472
303014270
303217159
303420138
303623207
303826367
304029618
304232960
304436394
304639919
304843537
305047247
305251048
305454941
305658926
305863001
306067166
306271424
306475773
306680213
306884743
307089364
307294075
307498878
307703772
307908757
308113832
308318998
308524255
308729603
308935042
309140572
309346193
309551905
309757707
309963600
310169583
310375658
310581823
310788080
310994429
311200870
311407403
311614028
311820745
312027555
312234457
312441452
312648540
312855720
313062992
313270356
313477812
313685360
313892999
314100730
314308553
314516469
314724477
314932577
315140770
315349055
315557431
315765900
315974462
316183116
316391862
316600701
316809633
317018656
317227771
317436977
317646274
317855663
318065145
318274720
318484389
318694150
318904003
319113949
319323988
319534121
319744347
319954666
320165077
320375581
320586179
320796870
321007654
321218530
321429498
321640561
321851716
322062964
322274304
322485738
322697264
322908884
323120598
323332406
323544308
323756302
323968388
324180567
324392839
324605203
324817660
325030211
325242854
325455589
325668417
325881339
326094353
326307460
326520660
326733954
326947340
327160819
327374391
327588056
327801813
328015663
328229607
328443643
328657773
328871995
329086311
329300721
329515227
329729826
329944518
330159304
330374184
330589158
330804226
331019388
331234643
331449993
331665436
331880972
332096603
332312327
332528145
332744057
332960063
333176162
333392355
333608642
333825023
334041501
334258072
334474737
334691495
334908347
335125292
335342330
335559462
335776687
335994005
336211416
336428922
336646521
336864216
337082004
337299886
337517862
337735931
337954093
338172350
338390702
338609148
338827687
339046320
339265047
339483870
339702787
339921797
340140900
340360096
340579388
340798773
341018252
341237825
341457491
341677251
341897104
342117050
342337091
342557227
342777458
342997783
343218203
343438718
343659328
343880033
344100833
344321729
344542720
344763806
344984987
345206263
345427633
345649097
345870656
346092310
346314059
346535903
346757842
346979875
347202003
347424227
347646545
347868958
348091466
348314070
348536769
348759566
348982457
349205443
349428523
349651700
349874971
350098338
350321799
350545355
350769005
350992750
351216591
351440526
351664555
351888679
352112898
352337212
352561620
352786123
353010720
353235411
353460197
353685077
353910051
354135121
354360286
354585548
354810906
355036359
355261907
355487551
355713290
355939126
356165059
356391087
356617212
356843434
357069752
357296165
357522675
357749280
357975981
358202777
358429670
358656660
358883745
359110928
359338207
359565581
359793052
360020618
360248280
360476037
360703890
360931838
361159882
361388021
361616255
361844585
362073013
362301538
362530159
362758876
362987691
363216602
363445608
363674709
363903907
364133201
364362591
364592078
364821664
365051346
365281124
365511000
365740972
365971040
366201205
366431466
366661825
366892281
367122834
367353485
367584234
367815080
368046024
368277064
368508202
368739438
368970770
369202199
369433725
369665347
369897067
370128883
370360796
370592805
370824910
371057112
371289412
371521810
371754304
371986894
372219581
372452365
372685246
372918224
373151299
373384472
373617741
373851106
374084567
374318126
374551782
374785535
375019384
375253330
375487373
375721513
375955750
376190083
376424515
376659047
376893678
377128406
377363232
377598155
377833177
378068298
378303517
378538834
378774248
379009760
379245371
379481079
379716885
379952788
380188790
380424891
380661091
380897389
381133784
381370277
381606868
381843557
382080343
382317229
382554212
382791292
383028472
383265750
383503125
383740599
383978170
384215841
384453610
384691478
384929446
385167513
385405678
385643943
385882309
386120773
386359336
386597998
386836759
387075618
387314578
387553636
387792792
388032046
388271400
388510854
388750408
388990060
389229812
389469667
389709620
389949673
390189824
390430076
390670427
390910876
391151423
391392069
391632814
391873660
392114605
392355649
392596793
392838036
393079379
393320820
393562360
393803998
394045736
394287572
394529508
394771543
395013677
395255909
395498239
395740667
395983195
396225823
396468551
396711378
396954307
397197336
397440467
397683698
397927028
398170458
398413987
398657615
398901344
399145173
399389101
399633130
399877258
400121488
400365818
400610248
400854778
401099408
401344138
401588967
401833897
402078926
402324056
402569285
402814616
403060046
403305580
403551218
403796956
404042793
404288731
404534771
404780912
405027156
405273500
405519948
405766497
406013148
406259899
406506754
406753710
407000767
407247926
407495187
407742549
407990012
408237575
