300 300
281 231
297 231
87 281
156 281
77 156
199 156
72 77
65 199
33 87
172 297
19 87
214 281
247 77
174 156
217 247
243 65
182 199
27 33
191 65
131 65
289 19
276 131
129 247
10 231
32 231
296 32
99 191
230 129
6 214
251 131
18 214
24 99
203 276
218 281
34 129
280 87
90 281
58 296
88 296
29 280
114 203
201 156
193 289
78 203
181 87
13 218
130 10
59 281
222 276
149 281
35 199
261 281
159 27
140 199
2 222
85 87
298 217
187 251
4 35
44 33
167 13
16 187
240 33
139 281
54 203
277 156
262 230
204 262
278 191
176 262
179 297
67 35
268 29
43 277
299 65
116 217
162 181
264 54
39 243
152 131
267 114
95 281
245 159
269 19
136 129
142 72
163 191
97 172
154 131
263 33
113 78
66 152
12 140
118 24
1 176
147 156
92 267
68 204
244 262
244 220
220 260
260 5
5 197
197 226
226 250
250 173
173 111
111 273
273 153
153 125
125 107
107 288
288 248
248 106
106 190
190 258
258 101
101 239
239 212
212 249
249 50
50 170
170 144
144 104
104 183
183 109
109 61
61 7
7 96
96 192
192 266
266 194
194 166
166 70
70 41
41 196
196 259
259 14
14 171
171 283
283 200
200 224
224 11
11 55
55 93
93 207
207 148
148 133
133 81
81 30
30 160
160 64
64 60
60 221
221 46
46 155
155 209
209 121
121 213
213 165
165 9
9 145
145 20
20 246
246 17
17 206
206 255
255 86
86 122
122 184
184 62
62 253
253 84
84 271
271 150
150 219
219 227
227 272
272 270
270 295
295 45
45 21
21 237
237 180
180 75
75 15
15 82
82 110
110 175
175 241
241 25
25 233
233 117
117 53
53 293
293 254
254 215
215 205
205 235
191 63
191 79
191 3
191 126
191 128
191 177
191 22
191 185
191 164
191 256
191 223
191 105
191 91
191 108
191 168
191 202
191 71
191 286
191 42
191 300
191 119
191 40
191 189
191 115
191 211
191 141
191 26
191 234
191 198
191 291
191 158
191 102
191 236
191 123
191 124
191 89
191 31
191 292
191 161
191 138
191 188
191 178
191 80
191 74
191 210
191 57
191 216
191 100
191 279
191 28
191 83
191 120
191 76
191 8
191 52
191 242
191 252
191 282
191 169
191 51
191 135
191 49
191 195
191 103
191 290
191 112
191 137
191 134
191 73
191 275
191 208
191 257
191 285
191 143
191 229
191 23
191 146
191 132
191 157
191 228
191 294
191 98
191 38
191 238
191 36
191 69
191 284
191 48
191 47
191 56
191 37
191 265
191 287
191 274
191 94
191 225
191 186
191 127
191 151
191 232
1 32 5
1 115 11
1 214 10
1 95 5
0 191 292
1 292 11
1 191 3
1 285 6
0 270 295
0 155 209
1 155 12
1 270 2
0 155 209
0 191 208
0 220 260
0 110 175
0 267 114
1 208 12
0 33 87
0 118 24
0 191 37
0 17 206
0 191 94
1 110 4
1 206 6
1 209 5
0 191 188
1 17 5
1 188 3
1 209 4
1 114 6
1 175 6
0 191 185
0 191 56
0 206 255
0 191 290
0 259 14
0 191 286
0 106 190
1 191 7
0 191 40
1 255 9
0 191 202
0 5 197
0 179 297
0 191 287
0 155 209
1 287 11
1 5 7
1 260 11
1 191 4
0 191 49
1 206 9
1 56 4
0 191 71
1 202 5
0 147 156
1 40 8
0 30 160
1 14 6
0 170 144
1 191 3
1 155 9
0 81 30
0 191 123
0 191 291
0 150 219
1 291 6
1 30 2
1 106 5
1 191 4
0 193 289
1 191 10
0 191 210
0 191 23
1 30 9
0 191 286
1 23 12
1 147 12
0 15 82
1 191 9
1 191 5
0 209 121
1 191 10
1 123 6
0 110 175
1 49 12
1 191 4
1 150 6
1 191 3
1 267 2
1 290 12
1 94 10
0 273 153
1 175 3
0 262 230
0 153 125
1 191 5
0 191 216
0 191 195
1 155 2
1 230 2
1 209 11
0 246 17
0 215 205
0 99 191
1 82 4
1 191 5
1 118 11
0 170 144
0 16 187
1 205 9
1 16 12
0 191 164
1 153 9
1 164 8
0 144 104
1 110 4
1 33 4
1 170 8
0 145 20
1 191 9
0 90 281
1 246 7
1 262 11
0 30 160
0 191 169
1 125 2
1 87 11
1 30 3
0 219 227
0 191 178
1 286 3
0 273 153
0 191 83
1 160 7
0 41 196
0 117 53
1 197 12
1 297 11
1 144 6
0 130 10
0 201 156
0 191 178
0 93 207
0 191 79
1 71 12
1 281 10
1 130 8
0 50 170
0 6 214
1 214 5
1 207 4
0 85 87
0 191 28
1 191 12
0 4 35
0 121 213
1 144 12
0 191 98
0 191 57
0 201 156
1 185 2
1 117 7
0 64 60
1 121 5
1 98 10
1 81 12
1 191 2
1 190 9
1 213 3
1 6 6
0 222 276
1 201 11
0 182 199
1 57 9
0 271 150
0 297 231
0 191 208
1 259 9
1 170 3
0 58 296
0 272 270
1 187 7
0 191 57
1 58 5
0 85 87
0 1 176
1 191 9
1 153 7
1 87 5
1 79 11
0 191 51
0 99 191
1 41 2
0 191 143
1 196 9
0 4 35
0 191 285
1 121 12
0 181 87
0 191 198
0 221 46
1 35 5
1 219 6
1 191 3
1 191 6
1 145 5
1 276 5
0 191 169
0 191 137
0 215 205
1 57 2
0 68 204
1 201 7
1 289 6
0 191 256
0 191 287
1 99 7
0 25 233
1 4 9
0 191 151
0 277 156
0 35 199
0 261 281
0 182 199
0 121 213
1 181 7
1 85 2
0 11 55
0 191 151
0 191 89
1 153 11
1 20 6
1 213 10
0 67 35
0 82 110
0 191 232
0 191 89
1 60 2
1 151 12
0 167 13
0 191 102
1 17 3
0 101 239
0 191 232
1 199 2
0 191 275
1 1 7
1 176 12
0 41 196
1 286 8
0 129 247
0 62 253
1 191 12
0 191 83
1 191 6
1 101 7
1 10 12
0 147 156
1 89 5
0 191 195
0 191 103
1 216 8
1 53 5
0 191 65
1 191 6
1 209 2
1 247 7
1 222 11
1 273 6
1 35 11
1 178 7
1 275 6
1 24 8
1 35 12
1 13 8
0 191 65
0 214 281
1 191 8
0 173 111
1 62 5
1 191 7
0 204 262
1 191 7
0 192 266
0 153 125
1 90 6
1 191 8
1 125 3
0 191 177
0 53 293
1 191 4
1 110 11
1 35 2
1 191 8
1 191 2
1 191 5
0 191 164
0 44 33
w