7036 10000
322 15
364 38
578 60
120 66
328 53
393 16
53 88
520 12
139 29
470 89
476 74
321 77
169 34
54 38
342 64
416 78
380 54
111 51
415 44
397 55
281 69
581 62
190 59
237 100
586 2
446 33
256 5
241 2
549 1
388 28
483 23
390 72
242 99
351 47
380 74
139 2
280 72
128 18
539 31
230 78
561 90
7 80
377 57
111 19
514 57
550 44
584 60
139 58
228 77
203 101
283 55
363 67
166 42
234 76
370 79
306 68
512 52
424 68
200 37
490 7
177 50
10 53
116 26
168 101
410 28
92 76
235 97
436 63
457 76
402 96
325 76
330 91
600 64
579 32
451 89
59 60
235 33
376 77
519 9
69 93
477 5
217 76
477 44
54 8
227 94
49 30
338 37
221 26
271 12
53 28
420 13
594 32
30 84
401 99
130 2
225 1
427 42
51 24
215 46
539 37
58 42
126 10
147 78
596 1
350 66
376 65
66 7
190 80
92 3
509 100
83 89
245 24
381 31
274 86
258 86
497 39
288 67
298 95
255 60
287 82
582 7
548 15
76 54
504 14
428 23
395 69
115 55
392 57
540 44
373 59
110 63
296 51
364 11
196 88
229 26
157 54
557 89
176 35
340 43
479 67
197 13
36 15
458 22
523 14
486 68
212 66
43 43
225 82
454 72
565 20
503 35
254 30
317 30
77 84
545 99
220 10
305 55
207 47
81 62
549 55
117 71
224 79
362 7
67 40
205 16
589 1
108 23
356 85
116 92
339 76
179 92
350 48
575 15
165 76
246 45
343 6
48 20
153 81
433 30
128 51
315 38
291 34
276 30
524 47
196 18
593 76
290 40
390 13
79 44
469 82
219 24
296 46
374 25
350 49
26 76
301 28
495 99
168 90
239 46
553 95
508 67
207 29
566 69
147 69
505 28
256 96
30 11
162 63
209 3
72 52
139 12
76 58
209 31
259 29
557 92
384 74
523 20
494 60
455 33
318 79
253 45
565 13
73 65
114 50
312 45
383 70
142 86
293 39
433 35
109 99
526 51
292 34
259 73
374 74
405 83
127 10
11 63
182 69
211 24
386 70
459 65
322 89
498 4
224 75
560 38
373 34
75 42
3 85
219 61
302 24
433 70
53 88
411 66
160 90
435 29
434 75
178 90
1 63
503 21
124 11
332 23
476 83
226 74
269 34
483 59
415 20
217 94
265 7
38 5
365 12
539 26
506 89
141 75
373 39
220 26
441 68
174 69
353 41
508 14
332 64
419 44
217 77
70 47
426 9
90 49
69 37
114 52
304 38
172 85
502 29
579 56
152 21
590 39
413 43
210 25
493 57
75 28
322 90
569 10
121 40
512 99
215 75
584 21
327 6
311 25
19 99
507 94
185 96
405 52
104 91
354 45
474 43
548 96
21 20
192 14
557 68
305 16
324 74
37 21
157 94
446 45
133 33
164 73
227 40
321 81
449 20
198 73
91 78
148 29
408 37
549 49
135 55
211 87
156 17
561 19
539 100
313 88
27 1
574 14
391 38
60 11
545 63
92 11
48 6
404 63
52 64
46 69
78 32
360 9
78 71
444 73
472 27
465 52
326 18
529 90
244 58
156 12
95 74
94 86
408 3
428 20
296 85
125 48
468 77
494 8
562 34
270 100
580 38
236 9
190 13
286 16
147 55
163 21
12 43
155 36
323 30
245 73
93 96
225 4
374 37
207 36
426 89
328 8
481 22
12 9
26 64
499 3
515 44
544 44
480 99
490 40
570 21
597 95
298 42
417 94
126 52
506 54
523 96
432 87
444 101
23 61
210 13
57 6
157 12
451 1
258 79
285 21
317 10
374 85
344 82
439 17
476 87
447 52
152 54
199 37
200 66
119 54
63 12
513 74
105 90
547 96
514 42
555 95
355 37
382 68
270 33
562 25
335 50
38 32
414 98
478 56
35 71
130 91
345 66
353 1
478 69
514 41
121 100
548 21
101 9
311 24
357 68
586 13
336 70
198 66
488 28
115 29
293 11
570 45
487 29
363 43
156 8
15 66
127 101
144 26
458 83
64 18
293 54
111 15
471 29
401 62
292 99
392 78
543 56
134 13
298 93
157 19
245 61
226 35
387 42
223 96
491 25
593 83
469 6
473 78
555 2
431 75
450 39
219 96
409 75
366 7
426 71
121 70
102 91
43 29
30 90
129 92
287 65
201 19
590 96
137 15
92 45
190 98
531 49
110 41
74 98
25 77
326 16
302 78
346 35
474 84
359 45
575 54
591 32
274 100
95 99
597 15
347 63
127 89
439 34
472 92
11 10
121 13
294 2
179 7
119 62
480 29
151 92
599 25
539 13
243 64
137 1
54 42
240 58
578 82
221 65
81 1
51 60
77 95
267 57
466 83
53 70
299 97
358 47
146 42
154 14
492 21
171 99
68 67
314 65
391 63
302 9
513 42
83 49
269 32
189 25
242 18
237 1
156 41
3 10
25 85
389 37
518 52
262 4
336 92
106 92
63 57
105 41
239 6
283 40
418 28
243 38
51 64
487 69
124 3
286 75
338 27
315 3
167 17
113 5
216 38
40 88
440 47
71 57
301 91
554 41
594 22
390 3
469 85
170 34
121 20
480 42
527 47
165 21
336 35
173 48
534 93
267 36
52 54
240 49
571 54
256 89
118 36
461 81
304 27
551 69
285 70
97 78
294 56
226 84
569 49
26 88
249 14
491 46
177 99
331 61
215 30
7 6
94 78
529 37
564 82
413 50
502 85
361 2
345 69
11 74
27 27
231 20
384 84
513 16
473 84
32 70
506 47
12 47
139 9
442 95
257 45
301 70
142 26
62 85
79 51
55 31
252 40
157 76
197 100
285 75
19 81
512 81
212 91
537 53
219 2
519 49
88 47
446 65
452 78
539 17
399 42
487 68
469 8
379 66
407 95
86 36
102 77
507 33
165 85
6 80
520 31
256 25
327 68
73 98
31 95
366 88
539 45
523 42
487 97
10 37
470 93
253 88
100 81
464 46
534 9
131 99
336 20
590 82
311 44
398 23
329 88
527 4
130 9
538 69
561 51
242 61
338 65
113 62
68 30
104 76
549 14
47 27
53 94
161 14
145 37
524 9
377 50
79 14
36 62
365 79
194 88
570 59
363 43
115 64
142 74
586 59
308 31
282 97
462 47
56 57
59 11
347 84
119 101
254 101
457 5
491 5
76 91
130 17
329 23
434 42
578 32
215 70
73 46
589 97
578 11
596 65
591 92
189 30
451 57
355 14
385 4
165 96
278 15
235 64
420 33
335 18
144 48
263 4
374 77
408 77
195 64
581 75
372 24
191 93
317 91
431 11
452 87
123 86
448 42
269 57
116 65
242 1
360 80
113 53
106 72
106 87
56 32
482 17
233 72
556 73
309 60
265 16
83 26
228 98
258 64
359 40
401 27
266 29
58 67
358 86
228 62
340 92
153 30
179 1
440 20
242 19
404 58
386 88
204 88
128 96
388 42
370 34
587 64
344 85
590 5
357 98
398 91
21 2
326 26
257 17
320 72
297 6
192 53
594 11
440 29
536 95
438 23
541 98
387 8
139 67
21 74
119 31
343 96
190 59
167 28
12 35
569 6
162 99
178 79
232 78
584 66
284 31
456 63
57 70
511 57
68 75
597 18
587 99
151 3
375 88
180 42
411 63
347 21
301 89
155 38
413 29
322 37
195 49
338 32
470 25
137 39
138 10
216 44
82 2
446 35
527 89
21 16
263 100
550 34
33 57
321 5
128 75
480 42
550 91
332 84
475 76
407 76
86 4
356 94
27 71
548 68
422 4
27 95
183 101
266 25
303 101
302 67
41 19
576 84
388 58
30 82
209 45
563 48
32 18
179 66
327 68
177 60
261 98
516 76
60 38
223 65
214 72
496 47
322 85
164 86
238 12
113 76
415 17
11 14
559 99
27 86
486 52
189 73
204 83
89 88
294 84
541 14
359 42
225 83
449 7
163 92
452 85
235 11
278 45
225 96
235 38
462 2
287 3
233 59
562 95
99 67
420 71
213 83
553 25
552 70
374 1
324 76
141 96
542 19
421 62
76 47
494 17
555 24
219 72
259 74
176 98
544 35
582 45
389 38
205 96
260 39
522 32
297 63
505 82
288 11
45 35
268 68
517 58
466 97
545 66
252 67
342 98
306 70
469 43
590 17
347 97
151 81
29 87
265 11
538 36
283 43
253 74
105 67
283 28
298 65
202 66
93 18
379 33
48 29
105 39
505 26
498 18
368 21
166 33
76 52
117 11
445 7
494 61
587 27
326 83
509 70
533 30
428 28
31 15
417 44
257 32
316 52
507 10
575 91
181 21
442 84
421 76
80 25
320 65
250 49
502 21
434 96
259 52
139 17
67 100
575 98
366 56
241 28
141 78
284 98
532 47
211 62
8 28
275 16
26 88
526 56
28 14
593 64
468 65
304 66
479 67
401 71
248 25
62 48
329 1
55 20
344 21
527 36
534 9
398 83
381 13
247 88
576 21
522 55
263 81
333 4
250 92
319 88
190 49
61 29
254 90
432 52
324 2
167 59
344 94
33 96
360 3
445 62
409 44
206 43
148 33
305 38
85 60
273 9
120 58
85 2
493 39
240 67
214 72
473 60
5 80
180 52
380 60
17 57
479 88
75 90
405 9
60 92
415 18
519 57
111 7
14 80
109 77
85 95
462 4
422 89
279 4
255 61
264 19
57 85
500 73
546 50
255 61
574 67
161 13
465 42
339 59
592 76
527 14
424 50
597 87
455 12
411 39
122 2
309 40
262 50
5 33
316 39
461 91
319 70
2 64
567 67
155 42
331 8
227 98
498 57
251 68
74 62
580 36
461 82
354 78
457 74
253 93
599 50
357 10
335 53
307 34
161 27
352 65
407 20
280 98
225 24
127 50
57 14
47 16
368 16
344 9
400 99
194 3
525 92
119 83
494 5
436 48
503 76
393 74
228 10
247 76
343 60
242 99
570 38
303 73
124 63
367 47
253 71
268 62
268 98
300 50
332 20
172 42
530 46
487 6
570 85
479 22
138 10
347 78
519 35
490 76
551 20
246 87
71 40
372 23
358 57
356 36
153 78
556 12
456 31
114 25
537 26
321 71
412 78
571 69
39 71
80 34
194 28
86 59
310 37
362 15
337 44
486 43
157 11
419 45
251 59
561 73
137 22
4 14
379 5
217 52
497 98
266 47
446 38
558 29
257 49
381 97
295 99
394 67
112 55
218 8
329 60
356 73
107 6
321 5
441 33
494 26
527 62
32 29
513 27
79 91
202 101
534 10
575 89
162 72
419 64
464 17
492 2
68 97
517 49
552 9
245 86
218 90
128 12
353 39
517 42
305 70
96 18
12 91
497 38
476 70
308 69
294 90
250 54
41 27
136 24
168 38
255 56
380 44
532 35
94 64
465 99
131 76
59 23
368 40
333 53
328 42
245 21
4 56
301 23
258 99
165 94
34 75
183 49
277 74
235 60
478 81
76 24
29 52
475 80
442 8
571 95
423 60
356 33
177 6
492 28
576 22
307 28
101 49
325 55
548 28
533 68
18 36
120 31
576 23
192 46
465 60
347 22
600 79
107 64
22 91
15 15
27 35
257 87
514 3
225 73
506 64
354 40
185 80
284 43
324 51
394 27
261 62
213 35
244 31
425 94
370 1
213 87
282 11
249 62
272 41
475 74
302 48
227 95
340 63
568 9
232 34
362 19
175 51
201 17
411 89
101 78
214 17
112 82
253 16
82 9
136 64
83 98
233 99
342 99
35 66
588 35
301 81
142 22
511 11
463 21
132 101
497 5
265 93
55 100
429 40
148 18
553 36
210 66
562 55
92 7
213 100
544 23
402 62
47 83
564 83
32 24
344 54
236 57
228 10
330 4
570 97
78 25
132 92
158 100
402 95
102 24
539 48
116 29
184 61
54 27
151 67
186 18
558 17
142 60
366 10
10 2
443 6
234 27
33 52
552 16
33 76
194 14
172 8
168 68
135 8
441 42
383 79
22 21
295 80
103 90
264 36
549 42
289 100
39 86
79 55
529 33
110 35
90 64
457 11
580 48
150 47
50 4
357 90
421 61
515 41
407 68
66 74
484 23
259 44
421 38
15 53
175 93
98 3
44 19
201 28
113 78
134 83
55 39
465 64
309 94
17 50
310 53
571 98
135 32
10 12
405 53
376 1
260 63
68 80
578 61
533 64
277 6
94 17
98 4
554 92
264 43
9 66
396 63
4 25
503 53
270 19
477 35
187 55
335 82
197 10
75 31
4 36
497 93
414 73
450 22
161 63
245 62
372 69
586 50
244 18
306 79
110 55
230 8
599 88
399 99
204 23
86 7
128 79
550 10
288 70
119 45
349 74
292 55
298 64
326 13
500 13
242 18
410 65
216 72
53 83
70 34
514 58
29 11
534 28
59 2
346 46
504 32
71 89
428 12
146 63
569 2
267 60
293 62
355 86
556 28
413 61
11 47
263 13
87 58
584 78
63 6
28 38
447 32
502 63
295 93
189 30
364 10
298 95
525 11
337 35
336 74
502 81
270 52
122 61
572 11
158 23
252 46
447 89
579 31
243 78
348 23
571 37
589 68
337 73
249 98
291 12
574 51
497 92
143 77
540 2
68 36
431 77
529 86
323 65
404 28
253 4
387 44
475 80
126 8
551 19
560 3
490 7
420 94
69 100
574 30
172 69
151 34
564 6
413 14
551 69
387 48
581 86
236 22
293 32
286 56
100 90
236 54
150 92
124 38
147 13
459 93
547 37
302 55
45 40
474 78
99 85
326 85
131 67
127 51
426 50
380 41
2 27
572 86
158 4
333 15
378 70
438 12
200 10
495 92
585 7
63 91
577 30
286 100
166 50
412 90
82 39
586 82
126 62
408 3
210 90
62 87
507 96
439 7
444 69
275 91
120 54
412 50
599 52
363 16
207 54
92 56
4 71
279 33
171 40
136 85
11 2
257 33
566 87
335 65
63 33
50 85
107 25
105 21
357 84
222 59
565 40
45 8
17 54
299 10
159 7
228 28
337 4
229 57
410 87
116 84
112 2
261 58
66 71
206 85
516 44
21 33
41 33
72 14
280 78
454 18
266 86
308 93
539 12
290 76
319 95
87 61
359 10
314 82
268 66
427 89
179 73
90 45
162 80
54 57
266 69
216 100
397 36
448 30
210 3
416 45
398 41
537 33
77 18
115 34
578 76
233 64
259 3
419 50
209 7
549 44
14 89
57 53
144 84
433 81
381 68
15 7
343 31
400 22
346 92
198 26
451 81
366 41
108 51
434 40
157 82
71 66
309 68
481 72
258 65
533 91
293 87
95 56
137 52
398 17
85 92
205 19
600 20
355 45
421 65
557 65
136 45
347 12
511 98
456 83
212 19
365 97
26 22
497 43
557 97
130 80
159 46
135 31
361 91
177 59
431 76
414 52
367 81
184 55
83 68
550 73
37 2
266 70
267 74
491 43
539 44
147 36
200 3
524 4
325 91
254 78
345 82
492 48
396 49
176 37
530 18
300 20
190 13
282 54
144 65
582 46
370 16
483 42
351 38
235 41
580 35
28 35
148 44
343 20
559 37
394 24
267 83
336 37
582 67
447 61
594 10
243 67
298 9
185 21
28 59
238 91
32 96
121 21
392 33
423 97
183 89
430 85
79 3
491 41
486 94
40 58
393 6
40 90
164 92
549 54
224 25
564 37
446 90
407 8
476 58
116 95
317 40
420 80
293 74
30 53
294 68
492 54
124 74
343 67
96 3
455 59
3 7
541 11
513 64
373 68
136 18
38 83
537 9
252 30
46 68
279 72
125 80
181 67
244 24
350 22
413 15
199 23
468 13
33 94
311 52
186 68
85 83
141 73
474 49
262 22
146 82
472 57
19 79
2 43
385 51
263 61
60 74
157 37
100 99
369 67
112 3
600 32
539 12
273 58
184 36
402 71
208 49
568 45
578 13
563 85
186 28
544 31
572 34
89 82
18 31
507 49
477 83
550 98
57 50
82 46
12 99
472 15
457 98
191 92
55 96
192 31
591 21
27 90
38 90
571 40
15 27
408 49
358 44
252 95
208 73
81 39
398 73
24 52
156 20
236 73
501 46
161 82
289 7
207 23
10 71
228 93
27 27
296 35
330 24
506 101
263 83
116 70
501 46
354 2
242 4
161 82
186 49
294 57
8 71
444 69
159 42
530 3
93 52
332 57
425 51
24 27
103 19
164 22
506 30
111 13
362 74
189 46
302 31
31 50
579 16
266 12
349 84
534 89
397 16
434 20
405 8
271 2
352 13
370 37
557 27
557 2
133 20
208 84
106 35
460 22
579 78
201 85
501 89
345 22
29 57
228 25
411 53
293 66
169 65
308 36
117 11
174 43
50 27
274 19
438 19
117 61
391 89
73 7
127 9
49 91
250 4
432 4
454 74
51 95
59 64
556 87
410 57
152 3
114 60
475 65
65 86
523 65
272 42
474 8
362 32
416 62
535 14
136 10
92 1
321 82
397 28
385 19
453 98
5 96
197 17
428 39
579 53
276 62
349 78
92 93
599 38
29 73
90 19
355 57
413 41
432 73
135 22
434 83
382 70
156 25
82 40
187 81
262 96
130 45
64 73
320 24
54 86
223 32
571 50
9 34
394 26
22 55
131 23
177 45
292 23
548 101
26 74
33 61
352 50
83 23
526 29
140 18
302 62
112 58
235 55
313 66
35 50
285 71
183 100
317 8
336 67
471 10
388 31
318 56
345 53
217 87
321 84
409 7
439 41
263 97
249 81
485 67
495 49
91 1
563 13
390 66
257 68
164 57
9 90
91 75
394 98
362 37
209 98
448 57
122 26
356 19
223 38
372 56
223 76
98 27
352 38
332 70
224 40
315 24
464 51
598 91
10 39
432 49
589 26
303 97
263 9
519 66
234 90
454 86
122 42
441 12
70 54
343 54
92 23
28 53
106 68
353 94
563 1
322 75
70 60
96 16
165 11
32 79
372 19
411 14
593 60
40 90
244 6
423 52
278 4
423 65
159 71
67 8
242 100
8 70
132 13
74 54
389 40
287 48
133 93
188 91
387 13
430 4
442 80
4 4
422 27
68 40
190 15
251 6
297 4
185 84
597 83
52 24
486 20
28 67
589 68
127 10
249 76
365 85
10 93
351 73
451 38
147 40
471 50
483 9
136 16
295 8
564 55
344 17
297 46
247 9
379 72
5 17
515 93
476 14
193 89
494 34
254 11
261 96
451 48
138 26
55 25
129 34
199 99
597 88
222 89
352 49
223 35
598 45
144 66
411 59
586 4
194 3
142 55
224 49
418 18
56 72
308 33
527 47
415 50
355 6
116 60
432 57
346 101
547 77
185 45
171 55
515 58
348 39
348 2
533 72
300 4
413 41
474 48
378 18
195 5
530 80
259 18
93 57
380 48
322 87
213 93
66 95
420 89
314 6
599 91
237 57
31 34
313 87
223 91
352 88
332 77
130 60
525 66
89 45
564 49
333 93
557 43
161 65
382 87
454 4
312 2
494 57
158 56
228 8
579 83
138 7
57 6
131 49
471 33
90 99
179 56
146 66
440 64
232 97
585 10
422 22
159 47
554 5
127 70
294 43
128 18
104 11
179 22
109 97
220 41
82 7
312 90
235 78
575 51
408 58
388 9
412 12
171 36
71 4
498 97
215 17
43 24
3 49
41 42
368 39
177 36
31 17
124 31
367 21
298 44
431 32
128 14
511 58
436 72
527 15
505 85
559 75
223 12
33 92
236 8
548 10
481 11
491 28
118 61
110 52
200 99
358 27
476 80
142 49
500 95
209 91
449 87
127 36
521 82
12 70
588 58
322 88
450 18
525 23
535 22
263 28
1 73
598 64
217 54
427 53
464 22
293 29
45 20
285 73
20 3
570 96
600 93
224 8
236 11
149 84
559 67
460 87
174 38
574 89
407 65
349 98
491 101
98 68
114 32
130 100
22 96
157 49
17 52
224 34
8 72
59 46
581 101
364 68
87 25
389 61
173 75
396 101
563 21
34 56
483 12
263 25
319 89
68 39
486 26
224 86
166 11
335 28
265 47
175 59
227 11
133 21
587 74
352 87
120 3
452 68
286 92
211 18
432 73
246 71
200 71
258 75
525 30
305 7
117 72
85 84
443 43
341 25
194 42
265 55
595 97
488 50
331 11
269 68
169 97
157 47
590 22
156 3
166 58
481 83
414 17
359 69
503 70
565 53
546 85
352 11
12 82
95 1
371 62
399 26
361 11
272 26
561 68
520 37
120 97
487 82
111 64
555 32
270 43
573 41
66 44
27 65
514 26
39 63
126 55
496 90
233 83
487 35
593 3
45 15
316 51
67 44
334 60
34 52
360 43
349 7
91 98
403 1
373 70
337 43
427 56
215 92
264 19
42 86
205 19
595 28
466 96
477 35
51 14
220 71
518 81
557 99
124 4
592 14
319 68
21 50
547 38
118 25
527 62
193 86
358 100
330 25
145 52
558 89
503 93
306 63
544 40
413 13
182 45
107 40
165 6
140 46
229 70
292 5
182 37
380 41
587 94
346 77
49 41
564 9
74 6
578 67
293 17
413 80
153 97
290 66
58 57
388 77
562 10
529 63
148 44
123 57
533 45
435 73
100 59
369 15
483 96
294 82
414 2
69 50
164 71
119 12
196 81
79 42
202 31
381 21
569 28
495 20
579 21
189 34
407 58
155 2
131 34
540 10
178 95
77 89
351 1
33 3
235 52
307 85
252 97
304 95
78 4
478 30
14 27
432 32
541 78
596 42
153 31
38 21
482 25
14 32
28 6
271 57
256 17
82 85
584 65
283 88
267 79
9 14
69 59
588 28
27 46
138 14
494 23
171 68
478 43
38 96
40 50
411 34
531 101
562 38
15 16
236 53
15 38
73 9
281 81
113 88
484 21
487 25
273 37
459 58
109 38
527 9
550 9
388 47
555 7
125 6
1 57
348 3
331 6
300 94
330 95
528 66
582 88
154 96
283 25
318 85
576 47
367 60
20 9
306 98
481 47
458 80
437 83
468 29
575 20
308 88
367 37
151 56
289 79
307 27
124 31
395 50
38 63
600 85
290 100
301 79
284 88
369 60
260 87
10 70
202 42
392 50
185 84
471 20
558 84
258 35
235 67
308 28
175 82
448 7
73 67
77 44
133 41
178 75
582 71
456 11
20 14
599 11
183 74
105 33
37 65
503 60
465 37
168 31
229 72
49 49
25 32
66 81
20 92
189 77
585 28
220 88
334 4
459 11
170 57
468 40
61 72
554 98
301 85
24 1
462 88
122 87
537 45
268 69
224 25
322 77
432 93
112 80
168 84
547 18
561 91
511 81
223 26
139 85
208 30
50 1
594 73
35 19
113 86
483 92
385 101
113 11
385 76
178 2
537 80
359 69
309 27
284 69
211 96
34 70
153 20
127 14
170 41
340 21
595 76
175 80
200 6
378 40
253 11
228 77
482 80
535 69
214 54
98 83
95 19
263 14
249 93
495 40
126 96
237 32
364 58
408 41
157 5
485 94
315 43
237 70
298 86
499 93
75 83
432 101
278 94
2 5
111 9
499 12
253 82
574 17
215 25
343 3
431 28
347 61
28 66
445 40
242 90
27 42
573 63
368 68
14 48
540 55
333 83
209 14
535 49
383 57
74 83
42 69
559 86
130 22
151 26
428 37
26 53
39 31
555 22
81 62
184 10
515 47
544 36
234 19
414 28
344 100
381 39
299 2
132 27
547 61
389 49
258 13
17 54
375 43
350 83
147 21
59 26
216 18
154 41
479 48
583 75
385 76
481 15
504 3
135 90
127 85
317 40
271 15
407 1
219 100
389 33
110 5
167 26
12 47
107 94
47 25
269 22
187 73
462 26
219 18
40 72
381 27
352 99
139 77
517 46
444 66
377 13
11 4
494 44
390 22
290 27
9 53
182 68
108 59
515 21
99 40
110 86
268 35
86 35
398 82
51 71
432 45
297 28
520 15
382 57
349 5
368 9
135 97
490 95
357 61
241 75
367 55
434 43
398 80
550 65
416 17
376 75
385 11
102 34
78 11
63 14
75 23
573 80
224 52
122 14
527 88
583 11
545 96
91 75
530 4
249 71
562 61
13 70
117 95
120 39
157 42
98 69
567 75
448 78
476 79
462 29
424 13
422 64
552 42
250 54
135 62
598 87
498 70
210 14
30 6
86 74
326 62
598 29
137 27
9 59
58 57
549 67
306 88
213 63
244 22
470 27
239 90
582 99
194 31
333 39
234 84
345 78
455 58
205 20
584 87
249 25
68 39
352 1
44 69
53 13
437 99
504 85
377 36
528 56
112 38
81 62
595 22
512 69
178 95
244 56
422 2
464 4
569 2
358 66
557 41
414 18
83 36
23 89
205 22
173 33
14 59
268 86
456 40
212 18
261 27
437 35
410 62
93 59
458 24
48 8
351 60
71 1
198 50
596 47
59 47
325 70
330 42
471 2
481 84
276 6
306 15
96 44
229 11
481 76
461 89
525 66
409 5
345 25
398 45
343 84
491 69
599 12
422 80
457 7
309 55
209 74
176 21
21 29
101 32
115 92
507 57
318 13
267 27
27 16
563 17
111 79
334 14
19 76
281 28
147 21
302 95
259 63
134 31
235 50
3 7
356 11
188 94
411 50
141 87
550 68
510 10
437 16
338 93
483 9
435 18
156 12
67 55
409 76
478 91
122 69
127 4
404 75
97 70
547 56
463 17
121 25
45 71
480 36
368 82
60 101
339 75
421 62
260 47
556 84
471 93
555 19
378 57
434 72
256 88
527 72
449 31
421 82
385 82
329 97
272 59
65 17
219 94
5 41
322 76
467 93
337 21
198 69
178 68
494 92
490 43
438 24
459 56
138 58
571 29
223 12
347 55
248 5
98 39
293 5
139 46
383 90
4 7
538 67
232 68
42 40
520 92
465 59
509 44
135 66
546 34
363 87
271 100
369 52
128 32
461 57
48 45
87 99
32 62
120 53
261 87
339 35
1 67
111 47
560 3
412 39
517 78
404 6
174 92
429 18
166 31
476 98
1 73
436 24
277 24
311 83
200 5
492 32
284 62
137 35
554 27
51 96
126 18
564 52
263 12
204 51
194 10
131 45
303 54
493 6
396 43
40 24
432 48
210 78
123 7
199 99
284 74
497 101
380 21
376 12
265 99
173 43
501 66
337 77
600 85
163 67
211 40
554 36
359 23
280 87
237 78
472 14
127 74
345 85
14 96
306 84
222 27
593 100
535 53
303 26
62 73
190 48
411 14
430 62
196 5
60 24
274 10
356 19
537 26
225 63
102 44
138 31
157 76
527 63
281 8
356 74
567 65
493 2
381 72
564 18
374 41
350 64
49 7
44 63
156 100
409 97
411 15
215 20
310 100
112 23
217 38
185 28
149 6
33 35
175 5
379 68
207 45
391 90
12 43
384 85
239 87
346 73
45 8
338 9
169 29
323 39
529 16
366 42
519 72
41 55
443 15
419 100
94 13
31 47
410 73
383 8
89 39
556 44
404 9
267 95
270 17
249 50
327 33
466 27
372 13
326 99
103 22
590 79
475 89
325 80
188 52
402 92
60 3
598 83
288 99
513 6
301 16
145 43
557 56
246 99
54 43
103 81
5 76
249 13
382 4
402 8
24 30
65 62
487 66
408 2
329 59
484 88
262 19
413 74
529 72
121 97
124 41
493 95
195 94
151 41
456 10
598 22
263 3
347 3
354 57
164 81
592 21
477 100
505 88
258 35
421 86
196 52
158 26
128 87
155 50
502 86
487 24
55 17
313 58
16 6
61 16
511 73
339 51
12 47
262 52
194 55
576 22
70 10
412 16
7 11
132 13
134 90
484 32
328 11
351 43
201 73
592 97
444 46
67 16
232 49
550 99
277 42
266 27
96 77
62 13
211 75
270 55
336 96
71 93
439 4
215 26
150 96
475 91
25 75
537 79
74 40
431 11
434 86
267 19
353 56
260 31
555 4
513 67
92 72
153 29
21 74
514 38
502 5
294 3
158 11
507 90
562 44
154 14
2 69
51 82
378 70
14 9
32 22
5 74
569 23
184 51
513 94
185 100
58 13
442 97
556 77
107 4
279 70
280 29
125 97
554 74
363 39
445 57
409 61
186 62
496 24
302 66
595 3
267 35
538 56
597 70
339 86
559 26
265 101
519 77
250 56
16 73
91 61
351 96
423 16
400 81
360 49
489 77
157 47
127 47
252 71
520 92
434 44
121 35
185 4
433 2
337 69
405 19
371 59
221 85
57 37
351 70
202 91
251 86
389 83
271 101
339 99
556 32
74 70
448 31
127 97
165 94
220 95
121 100
266 46
488 86
464 80
512 16
389 99
235 23
363 59
498 48
325 95
159 57
66 31
364 45
2 48
170 77
432 29
269 81
233 78
366 85
540 21
89 41
378 9
241 42
88 6
176 80
395 17
107 40
27 18
20 45
379 90
290 20
591 81
511 87
551 56
489 50
20 67
83 40
553 4
516 10
180 91
1 101
556 38
286 18
412 15
338 71
353 67
348 48
281 61
81 35
589 23
504 62
313 12
231 18
249 38
94 21
62 1
140 40
273 31
570 19
118 30
469 30
373 72
16 66
566 6
41 91
43 43
506 60
202 89
435 95
330 38
350 36
366 22
292 41
537 42
446 14
217 8
197 88
14 9
14 92
77 92
425 52
464 18
209 75
512 54
361 37
150 45
516 32
398 61
182 28
93 50
449 15
316 17
307 58
341 1
310 28
358 12
423 79
92 83
372 97
42 1
576 95
218 90
600 21
435 16
307 26
412 4
501 46
304 76
45 46
578 57
24 75
426 2
501 64
129 45
539 27
329 46
343 85
369 30
131 18
32 70
595 10
23 24
1 12
404 67
260 4
236 57
524 15
369 46
282 6
28 70
102 7
421 12
528 37
529 28
147 19
315 67
270 89
510 21
365 19
385 72
32 20
452 98
259 59
186 79
294 40
40 25
469 90
69 33
226 10
178 89
9 90
484 64
293 76
416 63
225 57
118 46
274 40
289 65
59 83
214 91
592 99
467 36
496 85
234 80
133 85
557 45
221 6
116 79
318 30
373 32
365 37
452 30
496 47
396 58
141 67
564 46
570 56
5 43
223 98
219 14
9 101
98 65
208 75
459 27
539 4
7 28
546 31
75 42
476 85
84 92
202 39
157 51
115 100
39 32
138 33
497 68
14 76
152 54
304 25
136 46
74 41
563 37
414 92
314 94
156 14
250 84
384 74
185 32
115 38
481 5
577 35
251 77
340 48
232 39
367 41
276 9
13 30
348 18
298 39
241 78
578 64
454 8
585 26
415 11
59 87
194 78
61 91
106 33
11 29
273 45
427 94
350 72
274 65
24 30
374 54
466 52
548 4
175 100
547 77
255 31
529 63
539 10
188 37
189 77
483 38
268 71
174 76
71 25
211 31
543 51
203 95
170 28
340 42
517 50
96 65
554 75
14 19
395 81
280 58
173 86
380 83
400 88
71 24
222 98
175 94
282 99
391 48
348 49
25 89
378 53
239 8
600 60
362 99
403 66
199 74
338 2
391 21
310 26
469 29
164 38
182 43
209 66
564 13
429 73
307 2
507 74
168 98
56 27
358 6
58 59
395 75
99 24
498 56
198 74
466 36
97 37
48 82
283 48
560 2
88 17
490 77
283 67
355 78
27 55
16 36
113 12
98 50
585 9
391 26
415 20
341 3
460 62
453 87
17 41
301 8
571 101
374 7
240 15
287 33
288 14
450 62
80 79
190 87
395 71
20 88
210 71
126 72
502 18
213 9
218 10
426 96
462 101
295 84
234 90
270 16
392 45
74 30
126 13
430 81
538 85
435 61
86 33
397 94
310 47
72 53
551 71
87 98
427 20
485 86
82 33
224 82
499 21
66 52
243 101
98 44
325 69
218 39
468 15
50 5
349 13
110 77
367 93
219 101
31 87
376 51
256 90
147 22
272 11
337 71
481 55
217 13
549 28
19 97
75 55
93 100
586 76
535 20
179 19
40 92
517 20
400 54
451 18
392 41
120 7
230 35
245 77
133 95
538 97
285 7
316 33
319 94
166 4
59 73
323 82
317 54
34 20
422 62
555 24
559 25
322 83
555 70
434 55
469 62
227 86
528 84
22 34
366 75
40 87
523 24
222 83
98 53
209 67
200 42
514 28
96 64
335 45
119 33
102 95
497 17
529 99
60 53
18 57
227 55
65 8
333 56
229 84
216 12
136 34
31 57
93 51
236 37
318 41
530 17
393 101
210 75
59 9
24 65
216 3
575 5
9 6
331 42
383 36
517 50
119 5
476 56
87 42
489 73
208 96
292 91
476 95
374 74
578 39
398 72
119 1
360 32
575 52
419 3
181 74
194 27
7 27
93 7
278 85
353 33
548 14
245 83
79 98
446 80
117 34
126 76
392 12
456 57
580 41
439 7
278 65
263 44
352 1
340 91
138 31
370 96
323 40
525 87
185 49
194 58
549 75
310 25
50 13
13 12
375 7
357 15
187 59
349 56
145 78
576 11
532 37
470 65
189 97
468 86
266 45
571 11
289 69
95 3
238 51
201 60
89 6
311 89
212 99
426 2
323 87
288 98
116 74
60 55
345 86
43 67
492 25
575 58
490 15
417 54
355 62
235 83
458 101
468 83
344 83
455 93
125 40
566 39
233 56
331 66
264 48
216 8
213 48
392 97
416 49
117 54
226 55
514 81
56 64
60 43
167 23
477 88
600 85
497 60
388 27
157 50
25 1
188 66
77 85
284 26
266 16
561 31
99 38
320 19
102 4
55 6
58 95
147 37
171 92
33 44
140 21
329 45
181 61
24 26
189 50
133 27
385 26
54 101
277 26
252 48
386 72
349 26
449 14
168 12
135 25
494 97
538 85
383 43
459 6
554 85
108 34
170 8
388 43
397 40
193 100
254 18
205 46
174 77
396 70
398 98
228 31
96 86
326 80
575 78
596 66
108 53
420 14
570 31
268 35
556 49
262 45
254 29
430 93
226 38
209 10
172 92
329 33
223 80
567 58
273 79
200 25
548 34
98 94
431 86
488 96
133 42
165 49
164 14
142 98
497 37
163 85
474 75
423 37
491 28
117 43
261 61
86 44
36 78
576 81
128 43
321 98
191 27
469 14
576 55
92 41
451 92
584 89
240 97
133 40
549 26
57 72
243 20
110 21
131 26
246 27
253 75
479 96
26 91
231 43
499 91
209 85
512 23
56 101
286 62
196 64
539 76
323 71
99 40
138 66
393 12
51 1
46 90
249 80
69 89
34 56
491 45
61 24
441 88
356 89
444 74
483 67
78 23
442 39
430 11
407 7
278 29
432 97
299 55
592 31
282 46
151 30
457 83
287 82
492 47
84 36
162 75
275 89
575 94
367 32
114 11
296 71
377 48
549 30
84 63
75 2
560 2
446 88
54 76
103 12
123 95
431 29
304 5
428 3
140 17
473 53
185 14
291 59
580 100
489 55
489 31
275 80
327 48
6 22
352 86
166 12
388 87
342 23
382 5
237 67
151 85
225 73
417 6
16 87
343 96
492 74
51 91
471 44
143 91
144 30
105 11
540 56
345 56
193 65
492 96
70 15
214 6
383 12
476 30
208 88
216 61
64 89
520 41
88 41
232 58
59 67
447 21
328 96
376 42
374 12
443 12
441 20
203 13
58 18
568 23
507 7
88 45
290 17
401 7
357 13
251 68
112 87
332 96
443 24
435 85
176 100
393 14
395 34
293 98
355 68
55 79
560 13
575 56
421 37
543 86
215 82
22 73
254 77
359 87
469 69
41 4
141 47
120 32
95 2
420 84
537 13
544 4
23 37
429 52
262 25
112 97
174 2
466 85
358 95
375 25
597 25
410 82
502 89
446 65
170 39
455 74
389 63
258 91
594 18
235 22
144 75
390 61
153 101
504 8
256 87
582 58
563 94
390 31
18 20
477 37
527 94
168 61
22 85
503 93
143 81
471 7
585 38
376 37
177 6
54 83
435 99
291 100
72 86
197 59
506 51
403 29
12 6
94 41
437 91
302 41
478 96
587 48
129 68
445 12
413 63
134 50
376 23
366 33
308 50
543 43
101 77
594 62
345 46
201 4
289 21
559 76
320 100
293 78
145 19
31 13
70 16
262 101
214 80
319 27
390 86
508 16
404 25
337 56
24 58
489 85
363 63
458 18
60 83
439 67
25 77
541 21
395 25
320 72
278 77
342 90
415 13
172 97
534 67
432 67
278 82
391 66
531 61
135 5
331 43
200 42
184 10
503 16
477 86
123 79
583 95
379 83
118 23
343 23
268 32
599 69
221 82
569 22
120 17
175 42
573 30
119 25
263 10
93 61
12 97
118 55
506 60
590 68
212 8
565 84
310 21
270 1
133 57
520 18
587 38
544 59
465 28
174 25
325 19
535 16
503 60
419 11
79 69
248 88
313 33
47 68
83 24
61 74
574 45
141 25
307 54
323 55
432 77
236 45
259 43
269 98
327 78
337 19
125 21
175 101
412 97
195 60
539 2
204 22
39 4
326 58
17 32
377 1
265 92
249 2
241 87
351 62
35 37
48 85
556 60
445 30
141 90
283 75
152 64
411 96
32 34
436 12
508 66
120 22
269 27
149 84
310 71
117 49
420 46
264 60
45 15
144 29
342 72
581 47
584 86
378 68
402 68
96 101
597 92
345 96
388 5
408 44
522 76
223 68
113 51
393 91
320 49
377 62
524 52
563 31
91 49
18 39
365 17
65 68
355 65
533 42
69 9
98 64
62 25
206 97
155 89
475 83
532 92
161 75
346 94
563 1
354 91
57 8
16 79
398 54
184 85
243 8
472 64
587 83
106 73
280 82
393 68
118 73
258 80
567 27
534 80
119 63
572 97
336 72
156 82
121 99
401 76
82 22
462 27
412 31
85 58
183 41
180 85
395 38
98 18
442 47
488 3
230 14
42 35
216 82
392 38
553 35
320 12
412 70
111 83
403 30
552 39
561 74
580 64
240 69
107 47
420 33
353 36
264 14
380 5
103 56
341 95
182 88
277 69
336 62
98 7
497 64
123 44
248 79
592 77
326 90
69 31
516 9
144 2
453 43
161 82
487 44
322 79
296 84
431 45
46 79
512 57
391 34
333 75
90 36
329 50
390 18
289 39
226 69
255 92
461 41
50 95
407 61
568 43
511 98
167 78
46 26
345 68
547 63
142 78
417 55
238 30
430 76
295 99
598 16
579 88
352 52
302 18
414 91
583 43
379 85
125 85
456 66
164 58
399 49
135 29
476 97
312 16
16 17
174 93
592 86
191 39
222 56
166 2
582 89
342 50
84 13
72 62
180 57
81 80
105 51
256 92
59 7
414 1
179 58
71 11
352 89
568 62
199 67
146 96
94 35
566 66
306 77
528 43
2 42
409 67
595 65
136 1
277 46
417 60
550 50
417 10
238 84
65 64
443 15
201 6
518 23
46 91
461 40
174 55
90 18
308 47
196 30
432 37
388 97
569 56
195 90
541 39
458 23
408 64
82 10
483 44
270 71
583 1
229 33
514 81
460 82
473 13
132 94
423 54
367 55
253 26
9 67
523 72
5 16
197 58
541 64
137 90
518 11
248 44
523 62
475 17
145 9
409 9
595 79
182 32
38 1
198 38
88 75
170 73
117 97
209 10
42 37
27 26
574 101
258 71
253 6
242 21
191 95
227 90
9 70
437 14
506 72
171 13
424 40
178 79
315 69
492 93
443 26
144 84
102 79
133 43
397 98
559 38
295 96
280 15
62 41
539 87
225 27
549 25
345 53
236 26
472 7
501 41
398 27
537 74
414 29
136 29
529 56
289 99
370 56
463 57
210 60
32 5
500 11
11 11
43 34
88 68
74 52
533 74
29 90
109 87
175 73
35 53
259 19
424 77
310 18
41 93
405 41
317 74
315 68
518 62
342 55
37 46
491 30
427 59
454 94
357 37
391 59
207 55
426 46
77 94
93 63
222 66
535 100
218 66
207 21
397 74
298 20
540 29
306 9
360 74
195 23
433 2
255 33
204 18
237 44
488 11
510 42
421 58
384 34
182 46
558 24
153 68
568 52
117 45
486 8
283 2
435 12
280 3
512 26
418 46
598 81
416 9
168 61
295 30
505 57
482 4
170 28
66 90
38 5
439 55
281 92
157 40
590 28
34 87
416 50
511 49
44 58
150 56
293 66
339 82
376 45
381 21
321 23
519 89
397 74
506 59
122 17
182 32
476 99
353 35
409 60
158 36
47 69
265 59
156 46
90 46
382 7
32 62
245 68
473 70
230 63
71 47
57 44
197 3
309 72
282 1
178 49
5 91
407 10
562 46
213 99
291 25
204 74
147 66
453 36
95 45
319 60
550 68
214 12
51 44
201 16
400 51
226 82
572 24
260 26
432 101
400 50
495 28
520 78
525 45
240 68
258 92
186 98
142 29
473 18
199 54
64 44
464 99
75 92
221 96
70 97
524 97
405 38
262 16
12 44
559 39
552 31
545 81
309 15
512 96
426 55
2 41
578 92
565 71
292 22
85 45
5 4
110 47
228 84
455 14
255 44
432 8
516 19
509 65
506 40
107 4
249 58
531 20
287 11
381 99
597 1
342 21
361 24
85 42
453 49
283 15
224 99
17 97
172 82
582 75
24 94
104 80
470 1
195 18
399 91
344 69
54 15
208 83
403 77
106 100
449 7
25 34
33 75
577 3
144 93
99 22
407 98
535 8
362 73
313 53
123 19
384 41
479 72
107 22
25 77
580 84
494 74
569 93
153 75
201 22
208 10
205 69
135 54
423 43
147 27
510 24
33 81
114 7
72 64
102 86
589 83
212 28
21 46
413 80
24 61
400 14
84 36
483 31
352 84
280 43
498 49
186 22
371 92
176 45
577 40
129 85
389 60
25 70
479 78
323 66
454 17
111 57
212 22
526 30
202 39
580 10
136 75
276 8
71 86
202 18
27 75
405 97
483 51
36 92
258 75
475 56
579 57
358 17
145 21
165 12
525 64
416 32
163 39
565 78
407 18
112 7
228 55
146 33
197 59
453 46
408 14
222 6
303 3
460 32
17 11
209 15
529 64
7 29
101 75
204 77
282 62
385 52
245 49
47 91
421 77
339 1
119 45
588 70
530 53
490 42
549 39
369 89
422 66
494 35
149 43
522 4
63 22
357 48
519 41
541 100
178 34
14 60
1 37
204 18
29 80
247 100
6 79
134 31
308 69
80 56
490 71
454 67
288 99
389 52
40 81
403 25
323 78
360 5
413 34
575 35
598 61
420 6
138 60
432 80
228 40
155 30
326 58
377 38
188 93
65 63
186 45
82 4
42 28
510 69
227 45
580 41
470 24
320 78
379 7
166 36
348 16
231 82
136 83
307 40
595 41
360 11
475 83
33 77
390 3
27 83
467 51
76 92
214 28
52 41
240 32
145 53
406 15
517 21
384 82
35 63
341 97
139 71
549 52
353 38
519 34
325 52
437 57
86 80
156 82
144 74
184 56
352 51
168 1
173 77
550 19
290 33
90 80
257 75
495 94
314 45
445 86
12 25
25 27
115 67
562 52
579 65
525 27
44 42
172 43
486 89
562 69
279 15
170 81
563 70
248 63
491 66
584 3
521 24
167 61
3 5
527 88
334 64
222 5
420 63
112 43
401 88
564 46
515 8
477 71
592 93
194 84
37 5
320 5
476 14
447 60
101 86
378 82
472 20
19 93
153 101
590 51
349 32
316 6
549 37
339 68
441 65
468 49
511 19
134 88
588 20
433 20
129 34
341 31
586 100
276 16
187 51
437 22
259 71
26 60
542 3
181 36
126 52
86 33
346 72
304 94
193 38
141 38
456 33
111 70
555 69
465 86
177 61
413 46
579 34
119 58
430 63
361 91
590 22
80 70
149 21
311 13
21 54
171 92
450 39
344 91
84 55
178 24
115 57
13 15
380 31
401 94
252 80
536 90
202 2
498 14
33 7
500 43
389 23
4 14
223 48
296 64
500 41
287 68
371 91
567 58
494 96
393 56
424 22
299 86
481 92
404 95
22 61
45 56
340 4
302 24
261 79
591 23
92 27
312 78
118 4
434 4
475 67
568 32
403 74
200 65
412 32
279 6
243 24
324 29
72 15
11 64
559 45
317 77
300 57
125 98
575 67
39 35
200 98
44 65
253 65
265 30
466 26
313 27
232 47
479 88
577 87
225 76
515 82
394 39
491 46
279 71
428 37
572 64
440 84
559 66
277 4
45 62
436 48
219 37
134 44
16 2
600 96
322 41
137 75
574 85
90 56
572 79
541 56
258 8
352 97
95 72
188 16
91 47
345 2
158 95
565 81
542 26
549 79
493 9
275 7
409 9
512 64
326 61
355 31
585 78
355 94
222 35
402 41
389 16
234 24
368 30
116 78
561 24
383 99
313 33
582 41
452 57
230 47
3 25
246 78
73 28
87 18
187 30
414 28
490 38
239 3
243 100
252 16
177 100
391 51
40 12
357 86
549 87
171 55
53 18
133 32
179 63
580 89
54 60
288 11
74 84
183 80
221 14
549 46
493 101
412 4
145 93
469 50
117 38
392 71
74 86
409 56
317 21
292 64
239 83
233 71
557 14
83 4
456 68
182 97
111 70
151 83
252 3
329 18
37 41
133 16
444 14
273 4
577 59
132 37
270 38
97 100
19 42
378 90
155 68
407 48
334 50
296 16
529 41
87 17
387 29
65 91
594 31
502 11
205 53
238 70
259 38
567 37
172 22
597 3
502 48
185 90
427 21
198 89
64 27
271 33
449 83
412 77
500 74
175 48
187 84
570 30
534 3
308 8
496 4
228 17
400 65
52 18
420 67
193 46
57 42
178 81
598 19
24 48
121 9
181 10
570 38
448 39
303 84
119 12
599 28
382 62
499 77
415 83
146 17
346 47
260 47
216 49
546 70
338 91
467 57
584 86
234 78
542 24
558 40
481 33
394 93
427 80
134 83
259 55
69 82
545 97
274 73
432 12
132 33
357 51
497 34
119 86
258 84
423 95
475 72
410 45
519 78
524 77
153 91
8 100
550 85
365 72
377 62
515 35
334 24
63 32
315 43
162 59
188 58
545 80
143 37
497 34
351 20
521 55
420 94
557 35
451 31
543 94
370 86
392 7
223 93
504 40
146 54
203 92
335 18
221 38
600 3
374 50
227 95
225 23
184 84
178 14
566 86
70 100
366 37
232 54
7 47
481 96
292 50
527 48
443 64
290 98
336 80
515 51
321 21
101 59
571 35
384 14
53 47
163 26
459 69
579 81
22 21
322 79
442 40
273 75
152 94
544 63
317 87
333 33
203 12
204 42
294 92
295 50
138 62
62 86
595 58
184 30
540 62
410 70
364 59
575 97
470 57
505 24
65 1
415 87
344 96
279 56
82 21
470 70
411 67
398 77
332 64
535 70
298 97
218 8
411 40
449 76
406 94
115 59
514 97
422 23
511 10
398 53
373 52
510 51
594 62
292 68
416 1
401 71
94 68
145 94
549 14
584 11
62 34
438 73
514 100
125 36
506 22
184 76
296 90
390 1
110 21
255 90
102 13
86 4
65 43
280 81
228 68
340 40
311 69
235 62
464 53
498 11
296 78
189 52
356 55
191 71
79 26
24 15
430 54
269 58
244 46
70 98
78 12
420 7
490 12
586 92
380 37
589 60
481 13
191 84
112 53
136 86
221 47
126 35
391 60
71 20
93 95
316 49
349 28
433 22
333 93
362 74
590 89
560 27
357 82
251 1
499 42
322 11
520 61
410 52
123 37
52 41
213 40
482 79
168 55
362 49
578 75
59 92
110 25
304 41
588 3
28 96
39 6
253 35
528 76
219 15
113 47
546 92
133 7
183 20
582 80
432 56
423 70
599 75
532 68
95 64
438 69
199 56
3 58
272 82
61 7
18 90
97 36
332 14
380 30
195 23
553 80
274 80
534 96
555 22
200 28
213 96
267 93
71 32
543 64
500 12
535 2
95 42
28 16
456 100
217 71
151 37
88 26
593 51
310 88
266 24
210 78
210 3
3 49
570 33
91 74
192 70
398 70
329 66
304 28
543 72
102 16
475 71
515 47
437 79
14 1
354 40
34 100
12 5
439 59
416 67
199 5
85 31
163 99
193 32
110 11
88 71
330 54
215 4
106 38
157 97
544 39
435 89
232 72
22 41
133 81
51 74
99 49
50 99
508 78
46 37
510 43
532 96
357 20
137 52
253 23
113 32
427 81
182 91
109 15
46 88
542 73
472 65
439 60
568 11
578 4
73 39
521 73
418 1
407 89
276 9
28 7
211 91
391 54
427 83
287 92
269 3
523 75
473 97
147 9
462 101
286 6
417 97
437 59
467 92
136 90
446 20
151 83
552 62
228 2
489 45
272 18
10 25
298 99
102 55
439 50
94 65
270 48
543 24
172 89
70 50
64 89
560 27
495 5
459 23
498 95
113 74
14 49
70 84
221 78
295 99
307 2
565 41
508 69
243 100
84 61
428 98
279 57
449 49
410 6
418 24
457 42
202 37
419 83
16 34
579 5
515 89
296 47
453 57
407 84
196 56
287 12
485 23
69 43
505 44
297 23
325 4
497 77
381 78
69 72
161 10
123 56
514 100
332 55
142 65
470 42
306 27
3 26
584 7
282 69
578 34
77 96
453 28
307 94
233 36
166 65
224 97
271 16
237 8
289 44
23 99
539 69
438 79
378 20
286 24
39 64
338 9
212 44
114 10
205 7
367 73
325 83
30 89
342 55
284 52
525 26
129 83
117 53
376 49
99 85
550 60
154 47
481 63
320 90
59 31
80 64
247 33
378 27
147 30
248 42
246 67
514 57
132 10
540 57
463 19
238 21
81 4
508 42
328 78
464 47
449 8
453 15
128 7
237 13
414 33
341 42
508 62
542 29
543 81
176 64
268 45
419 58
222 61
318 93
222 75
555 91
115 98
538 4
322 99
534 25
79 59
365 63
405 93
515 64
218 4
193 19
247 23
578 91
294 79
263 32
332 56
491 16
434 76
89 8
367 59
45 72
432 50
600 64
570 27
552 82
518 84
591 60
583 28
267 44
321 35
318 85
50 1
15 36
117 71
553 21
588 66
66 77
366 14
158 35
122 94
389 39
411 2
434 54
180 59
590 96
334 41
533 81
391 29
287 43
557 79
545 58
172 87
405 45
220 55
215 29
406 22
442 51
440 80
291 45
304 77
195 51
141 90
347 25
396 38
283 87
114 30
147 52
525 61
254 38
104 65
316 92
558 56
279 60
286 59
352 88
104 87
18 97
256 8
471 87
128 18
259 41
59 94
438 71
479 72
221 100
466 8
35 100
137 44
516 87
509 77
418 5
262 7
572 78
500 6
179 80
76 73
591 65
568 18
130 29
259 19
531 28
235 85
45 34
192 89
417 55
203 95
282 61
178 17
223 62
436 30
246 54
184 7
167 15
27 31
599 77
145 59
286 65
107 27
587 83
162 55
62 70
43 65
502 3
412 53
148 46
366 47
8 5
587 43
123 32
193 101
389 79
240 8
375 46
457 54
499 53
48 64
347 5
339 21
8 90
11 54
580 23
98 66
73 36
45 60
283 81
301 25
476 24
473 86
103 50
62 61
319 70
137 52
216 5
444 22
22 21
151 29
494 84
185 83
209 82
144 38
280 83
421 33
300 18
595 21
53 67
145 35
150 92
406 46
398 25
85 61
2 38
361 21
49 76
83 66
121 25
121 61
600 85
169 86
301 101
551 52
328 99
235 92
127 83
94 55
267 62
63 24
403 23
497 58
591 71
591 74
375 98
379 40
477 4
98 82
351 45
572 27
378 31
331 23
52 42
26 21
249 8
585 67
49 10
470 66
543 53
213 90
372 77
267 31
325 41
536 45
491 99
483 40
2 20
578 58
492 70
154 3
150 42
68 37
523 36
249 66
344 91
599 47
281 88
204 93
546 50
386 91
519 76
532 59
48 75
392 64
111 59
485 86
228 11
399 19
483 15
129 101
52 64
499 45
164 35
524 55
50 55
225 58
309 48
190 51
379 44
396 43
509 96
252 29
354 31
243 6
512 22
559 76
538 65
241 64
119 40
187 93
271 65
268 37
459 37
553 44
109 36
255 10
414 22
78 81
247 29
536 14
394 25
514 40
122 84
162 34
176 58
146 96
184 98
508 71
171 55
511 66
133 37
8 84
58 6
508 17
581 74
189 98
313 23
459 2
340 94
101 52
265 92
209 57
85 87
440 8
243 60
69 16
228 50
400 66
401 32
14 58
171 76
155 30
118 79
450 41
312 66
44 51
112 91
375 39
117 3
305 81
309 4
398 85
520 87
150 21
403 71
123 41
353 98
425 99
55 88
134 37
71 27
212 15
79 41
101 51
138 76
583 40
32 28
456 89
250 101
387 69
25 34
387 47
143 44
400 80
405 49
280 17
599 43
103 25
189 89
234 3
123 100
425 77
540 34
323 90
578 100
310 92
225 77
415 100
573 5
551 77
281 56
183 81
561 22
421 81
402 13
111 36
496 55
559 62
129 59
176 65
209 77
328 80
292 17
375 70
491 37
63 83
393 89
260 26
541 68
445 93
574 87
228 76
562 34
155 58
127 86
343 38
597 21
257 79
51 5
490 99
161 67
487 18
518 34
422 69
468 41
528 66
361 52
304 22
575 42
50 8
94 92
143 2
415 64
520 38
556 28
73 42
63 3
521 39
233 70
134 26
484 72
430 71
51 8
347 18
40 22
399 24
86 54
425 98
216 47
446 76
129 88
563 46
390 99
298 35
113 63
388 16
255 72
150 42
564 37
326 82
109 18
488 67
231 44
388 92
302 39
106 3
257 67
89 28
20 1
332 81
397 88
295 29
356 66
64 10
220 31
265 74
583 11
213 19
417 23
25 84
91 20
45 55
523 49
339 6
178 14
271 71
391 49
127 58
10 91
286 13
371 12
11 12
180 41
215 59
332 101
487 1
318 56
215 58
81 11
520 58
41 24
274 8
302 59
214 96
363 68
237 69
234 23
205 47
566 72
38 88
433 88
215 76
463 7
575 20
146 78
400 19
63 17
6 49
234 19
241 51
102 85
415 19
23 12
575 1
155 94
433 86
238 33
105 81
357 78
125 75
534 19
541 40
454 31
107 99
187 36
187 92
435 88
124 42
124 76
440 82
445 52
361 85
500 90
548 19
50 38
138 45
261 99
220 16
533 90
256 44
465 93
82 88
482 16
108 8
215 41
512 87
283 78
221 68
572 40
521 84
37 15
598 37
271 81
480 3
571 13
5 6
68 92
286 66
547 57
150 1
10 86
360 41
396 67
54 41
69 21
295 95
430 78
24 79
380 55
15 83
90 36
251 79
564 54
480 70
550 87
410 8
219 5
440 101
298 31
507 49
206 70
431 16
221 90
545 48
396 39
113 12
257 45
330 54
417 64
72 43
27 29
321 41
524 58
103 8
412 64
205 13
201 13
112 61
323 57
232 47
567 16
87 35
56 68
281 98
59 8
189 89
26 59
523 36
364 21
190 95
82 14
276 52
133 73
147 79
158 41
262 59
166 87
137 97
255 3
289 52
186 39
351 68
283 37
95 20
451 48
28 5
532 13
55 90
482 72
335 98
567 85
19 45
335 27
422 29
502 3
177 54
95 84
272 45
478 19
294 62
424 54
242 43
434 6
454 76
559 69
165 73
342 2
94 17
83 22
326 8
61 4
10 21
312 57
85 10
412 33
447 47
325 44
407 16
380 64
91 82
174 70
285 6
20 62
119 100
483 100
123 84
212 55
460 50
199 55
449 88
59 2
123 47
225 61
429 100
306 69
123 86
406 40
566 13
23 15
567 19
237 81
42 33
420 86
270 17
346 33
314 73
21 93
234 23
596 3
497 61
501 30
385 20
295 70
201 11
121 84
486 16
387 33
142 81
227 84
129 38
547 94
352 18
104 81
227 19
511 65
397 81
363 83
115 25
18 5
277 34
432 57
596 24
300 18
165 22
362 17
460 62
393 76
228 80
470 26
294 100
368 28
337 11
381 16
593 62
477 88
3 72
558 95
191 55
479 41
47 54
66 71
168 19
203 19
398 28
430 88
36 83
504 68
580 52
156 5
108 74
481 2
346 17
450 24
474 14
358 13
517 18
265 37
524 22
3 1
405 79
71 7
357 49
87 61
383 1
566 80
188 95
166 87
163 67
140 1
387 77
272 24
191 87
33 50
313 3
544 59
354 18
571 53
368 20
350 35
257 75
581 64
200 29
437 51
302 41
107 94
546 7
85 23
412 74
224 58
454 6
114 6
36 37
417 48
158 52
523 5
75 2
80 82
257 74
196 83
234 99
585 94
376 53
429 51
277 10
480 19
580 36
265 76
36 81
249 99
54 37
240 81
229 59
358 29
206 2
277 46
224 76
85 64
141 40
168 38
409 74
520 18
427 83
413 19
530 58
51 79
25 94
227 16
238 34
529 81
272 30
14 97
455 3
335 79
480 33
598 8
289 10
47 10
106 70
142 52
181 74
63 22
279 17
182 71
143 78
152 70
454 94
441 93
8 68
47 97
338 18
279 1
420 70
47 32
570 16
500 22
477 9
333 98
431 99
431 84
543 38
339 24
489 77
589 43
146 72
46 44
234 90
339 22
531 3
287 64
242 5
303 96
467 32
565 32
106 7
136 7
295 84
114 59
393 79
353 44
566 74
442 61
329 36
139 49
406 92
383 36
91 17
64 1
87 38
408 35
367 96
288 76
14 79
517 83
149 45
31 86
379 38
556 56
559 70
269 37
388 45
535 26
588 54
461 46
432 70
92 27
119 50
479 69
469 51
308 19
485 3
318 4
594 42
332 63
363 55
387 92
510 4
191 2
182 65
40 53
119 26
298 1
73 80
565 14
123 84
223 4
571 3
142 40
107 63
123 88
158 3
315 65
395 54
215 80
328 58
143 9
491 67
27 73
582 91
202 100
361 76
150 56
412 32
263 70
173 40
167 58
599 55
143 53
92 37
352 10
555 1
580 36
413 63
485 72
573 9
278 79
495 29
329 61
27 70
137 71
537 70
418 17
550 84
357 49
304 12
96 15
399 29
493 71
45 35
506 10
279 13
281 80
356 46
577 63
38 65
492 58
398 61
210 20
317 55
279 46
496 98
224 31
3 15
588 15
530 74
528 56
76 92
195 49
569 45
228 43
341 57
249 49
253 15
297 63
74 93
227 72
419 54
297 73
584 12
72 34
477 12
513 4
443 24
541 52
381 101
267 41
241 24
430 53
150 61
310 50
509 36
51 47
251 15
89 58
501 51
216 95
77 3
36 30
205 30
301 91
433 93
95 21
250 9
156 25
95 25
232 2
15 25
270 8
125 62
290 42
251 15
158 99
219 55
185 54
89 5
292 98
220 71
159 74
287 52
284 28
155 42
129 66
224 60
564 71
99 100
274 94
242 98
33 39
46 35
367 47
368 74
163 82
263 72
154 44
145 26
228 42
584 101
48 55
143 8
549 97
189 68
563 49
385 28
145 13
191 56
72 24
449 6
192 73
538 7
130 19
223 28
310 67
495 63
117 67
452 20
105 38
2 79
460 30
368 42
94 8
45 1
435 38
21 97
597 48
148 89
214 83
562 95
144 36
391 79
448 98
177 35
112 10
499 57
85 11
120 29
112 61
257 14
544 101
308 65
152 89
150 87
149 59
145 40
348 87
465 70
169 27
243 77
514 62
336 17
373 39
41 16
368 54
467 40
400 58
141 80
571 22
359 29
497 28
325 71
136 48
36 60
56 61
389 34
88 89
24 2
310 84
74 37
188 5
370 24
353 60
528 31
597 57
551 60
465 53
334 64
190 85
377 32
502 3
357 58
544 21
363 45
527 101
268 34
37 94
87 86
236 36
183 50
70 61
288 12
213 51
339 87
21 75
224 70
313 99
499 10
123 6
314 47
208 85
214 31
179 30
161 42
465 89
127 44
333 46
560 45
213 81
52 45
509 20
264 85
178 58
304 34
234 27
93 14
185 86
577 59
543 77
129 17
337 85
523 47
460 8
575 23
322 56
259 10
30 42
409 66
538 53
508 79
147 101
339 9
403 39
461 57
119 41
182 4
466 8
105 97
290 57
238 8
474 60
549 48
496 93
300 41
479 90
382 46
504 3
85 10
324 76
177 2
101 79
569 84
582 22
17 42
527 79
341 25
494 1
157 16
579 59
97 29
139 90
39 89
407 48
586 41
461 39
414 10
415 80
66 67
259 3
76 26
476 67
435 10
382 15
489 29
455 3
151 4
236 30
566 40
562 6
19 41
207 98
395 30
383 94
600 9
395 57
106 29
71 4
361 60
123 92
289 61
332 53
39 60
372 83
60 69
368 85
256 6
504 22
456 93
596 51
595 23
28 54
306 97
481 22
150 16
419 4
382 55
547 50
497 88
130 77
320 68
360 25
88 36
345 76
439 9
342 96
428 83
120 22
148 69
274 98
491 35
352 40
128 89
538 75
244 40
509 55
523 67
372 87
68 45
371 80
558 27
141 96
571 74
510 87
546 20
451 58
463 88
552 10
94 23
242 51
264 26
191 96
221 33
171 62
203 4
237 36
69 61
312 21
447 87
286 27
17 9
106 5
403 92
69 96
393 99
364 53
262 71
239 35
269 12
253 34
557 89
46 50
269 31
241 6
177 11
88 80
92 16
209 62
7 34
198 92
40 1
534 45
502 45
501 38
332 32
450 94
556 31
24 61
62 84
448 59
33 10
268 34
505 69
150 26
322 93
50 29
92 34
322 39
567 32
169 34
81 99
490 17
278 22
570 24
159 42
379 37
14 49
330 77
496 9
131 13
460 28
387 86
180 90
527 51
370 78
123 83
397 11
501 33
459 68
404 64
176 12
251 46
408 35
458 66
50 84
575 63
287 80
520 32
545 96
180 17
478 27
355 96
463 51
412 59
596 19
494 29
243 91
544 38
497 8
588 85
223 63
409 14
224 25
73 97
99 7
379 50
84 40
106 70
344 22
413 60
473 44
87 38
358 45
474 57
582 52
136 42
278 84
395 14
154 17
454 31
161 14
219 38
468 35
302 70
303 65
265 48
433 22
122 81
25 88
218 93
193 63
167 60
88 46
588 87
379 40
287 3
123 101
164 18
5 33
480 32
517 12
225 28
508 82
140 100
229 59
254 85
482 41
527 72
364 5
12 71
563 33
76 18
491 59
438 31
223 14
65 2
570 23
347 8
324 6
174 35
121 77
360 63
489 45
314 52
491 21
491 88
523 39
77 24
70 90
137 95
211 15
127 11
381 34
489 75
158 97
104 84
334 9
110 4
181 93
174 87
365 21
145 1
403 3
395 8
311 60
53 89
81 89
252 1
383 19
537 74
253 10
490 9
268 81
82 34
414 58
101 18
449 13
262 84
170 41
12 84
268 75
274 41
368 33
510 85
279 91
413 99
535 53
309 5
434 17
146 67
437 31
437 85
519 12
594 39
449 58
433 62
573 17
360 54
97 17
551 54
14 82
300 80
156 55
455 74
249 75
344 68
154 49
544 22
224 42
326 77
487 41
475 39
163 22
231 96
420 100
510 49
139 20
549 35
29 37
202 1
336 39
147 90
260 3
461 53
420 7
376 53
189 14
368 36
518 76
344 21
376 67
2 13
15 59
346 2
154 36
140 31
264 82
259 92
76 19
579 7
170 20
225 1
386 71
330 30
221 30
449 34
29 6
525 81
74 85
338 40
122 45
343 88
169 7
448 66
409 92
404 89
75 1
258 18
263 60
56 80
401 91
236 74
236 8
94 22
523 66
141 22
182 73
265 7
466 47
186 68
596 4
159 80
183 66
385 46
299 81
561 59
489 66
351 39
477 21
37 21
11 64
467 48
405 18
44 56
107 66
505 27
492 28
12 80
509 53
224 5
296 57
39 64
526 93
316 64
519 9
466 90
425 65
164 29
224 5
535 7
589 23
437 81
146 63
251 97
245 50
349 91
243 3
169 6
95 86
377 28
91 37
141 4
62 33
8 59
190 8
370 65
144 46
150 11
166 52
276 23
392 12
442 3
558 48
175 36
317 95
352 63
176 29
574 59
457 72
344 90
216 10
469 99
283 11
540 94
247 42
440 65
158 90
310 78
281 78
369 90
288 53
552 42
383 66
453 71
155 74
482 7
270 1
32 7
223 5
40 93
142 95
341 52
286 97
529 24
76 38
39 10
79 28
25 34
280 90
291 27
340 91
95 5
511 84
139 100
19 65
208 33
162 87
28 85
369 55
275 45
61 34
393 88
98 70
115 98
186 100
38 40
403 91
360 51
324 6
190 99
336 64
373 20
444 39
134 75
430 99
419 2
319 71
455 35
67 5
166 94
149 52
271 93
576 95
547 31
212 88
265 22
46 86
32 19
211 45
169 18
310 7
203 36
16 70
393 49
39 101
522 34
43 63
543 23
132 77
98 23
176 52
292 76
60 20
7 70
80 31
462 67
48 33
99 49
312 9
263 38
585 1
359 62
25 50
156 9
519 33
147 26
503 20
183 72
99 83
92 78
491 19
494 54
565 75
473 31
393 71
202 24
575 89
549 70
450 91
64 85
56 51
200 68
106 90
299 9
122 66
342 35
43 96
56 83
349 98
198 10
96 94
192 54
457 83
100 98
59 74
2 65
72 32
392 57
121 56
382 73
561 101
380 73
120 44
123 68
199 61
74 73
56 33
434 1
552 70
84 89
287 96
17 78
103 82
154 33
75 62
490 24
562 42
464 34
540 80
457 52
556 4
469 42
126 89
145 9
356 28
174 20
124 61
511 79
156 87
192 56
384 79
197 86
571 94
145 88
300 33
161 2
163 49
216 86
221 31
324 33
68 74
536 20
418 25
299 22
15 100
1 18
457 21
361 46
76 83
343 17
531 50
491 87
309 6
113 79
443 79
250 97
400 2
443 3
506 12
77 71
305 23
213 3
494 64
485 80
142 61
578 28
247 22
55 67
353 101
26 27
352 62
21 65
370 35
128 92
420 94
525 74
458 29
292 1
150 97
424 13
273 30
266 101
456 11
37 62
32 62
81 87
301 71
548 43
200 84
126 39
479 9
3 62
9 35
334 90
338 8
580 59
444 14
423 36
559 70
309 59
154 87
344 18
98 10
558 78
354 41
500 20
92 47
591 94
207 87
467 39
362 52
408 84
543 76
433 95
244 32
87 73
102 65
174 58
574 19
61 84
473 81
52 71
194 8
113 39
371 64
20 81
317 32
372 94
196 99
177 15
222 67
507 43
565 68
530 5
122 18
384 89
69 13
477 3
210 99
345 95
526 13
15 66
587 17
224 6
600 61
301 57
565 57
385 66
574 89
374 4
421 76
167 45
461 29
270 49
124 79
512 12
8 89
581 22
317 75
396 100
430 21
150 52
435 58
186 62
233 71
361 23
208 16
434 20
209 53
129 101
439 84
420 83
192 10
407 39
371 45
568 85
68 19
69 41
381 69
124 37
488 25
483 1
579 81
490 19
50 37
413 44
555 34
190 68
526 94
515 82
140 55
172 90
466 73
568 8
182 48
496 37
393 57
396 16
53 55
589 91
224 81
82 9
258 26
295 26
468 75
163 93
273 19
520 67
321 50
25 75
268 13
15 62
404 93
252 76
438 98
236 78
515 96
296 65
393 56
85 58
311 28
437 62
273 27
373 24
505 75
78 10
63 83
7 10
58 98
275 7
503 67
583 81
578 84
312 92
163 19
234 30
130 66
523 70
69 51
409 55
57 31
505 43
248 2
450 50
563 28
449 60
272 68
599 24
77 101
152 39
526 88
389 83
466 21
508 16
517 53
285 74
330 15
9 79
495 9
103 90
598 9
559 99
192 91
298 92
349 98
105 85
98 75
85 7
74 66
375 19
456 67
378 55
515 16
462 73
531 97
573 91
420 2
323 66
304 56
418 16
474 88
27 74
456 11
4 95
344 7
142 3
391 29
78 98
277 4
167 40
45 29
86 30
524 63
190 11
336 57
69 19
235 8
271 8
95 85
113 77
44 35
224 83
377 77
291 70
256 29
230 17
444 63
545 23
583 68
409 85
207 90
285 2
160 78
155 85
473 85
556 82
584 73
469 78
62 75
240 8
131 88
218 57
329 78
374 41
372 76
194 60
29 63
377 53
51 95
465 1
467 17
165 37
105 70
157 53
24 65
60 35
422 79
331 93
60 48
109 80
44 83
91 71
571 45
8 10
178 93
351 36
447 31
116 52
401 67
168 99
21 30
473 24
458 74
337 58
516 13
502 64
591 63
578 98
257 95
356 43
125 43
295 83
141 7
505 6
600 29
446 74
509 42
14 79
407 43
501 94
137 77
257 27
244 41
369 71
102 52
180 31
181 41
480 56
533 67
540 49
438 59
504 76
65 72
67 12
212 7
53 16
420 84
190 19
11 98
239 96
347 48
256 37
273 76
17 90
397 37
13 41
490 96
348 91
593 79
432 81
154 66
58 94
285 96
134 83
405 59
396 40
223 28
240 79
107 15
356 95
368 58
501 26
276 101
387 55
316 96
525 79
424 100
277 50
43 33
271 50
282 94
248 63
83 98
508 14
224 50
440 86
300 28
290 61
253 29
598 49
418 41
442 100
255 80
172 45
63 30
266 1
538 88
203 26
375 61
548 59
578 67
581 82
474 63
421 26
189 18
251 3
341 64
399 48
183 93
536 31
168 11
232 21
139 69
333 13
130 97
64 49
393 30
387 22
393 64
215 62
419 26
452 83
314 101
557 86
519 85
530 64
143 26
31 72
464 86
142 26
412 12
177 40
101 30
234 66
353 62
406 1
128 5
439 68
28 31
594 69
519 55
177 89
196 17
73 30
495 95
502 58
502 62
189 9
508 60
530 4
340 78
284 79
499 90
550 4
425 81
271 53
241 12
500 45
222 52
420 45
424 3
381 45
376 25
453 60
497 72
148 78
296 1
280 96
597 91
184 13
9 2
165 22
386 74
525 29
310 45
114 88
85 30
115 8
297 59
434 9
386 62
294 73
453 83
345 95
421 58
244 37
341 52
98 83
429 64
371 18
371 11
346 99
11 58
537 82
122 62
82 101
272 11
505 24
404 74
281 18
348 22
196 89
173 88
248 12
352 16
326 93
510 95
356 90
421 62
381 33
131 49
31 32
490 35
486 101
397 84
199 89
530 49
407 92
344 24
133 44
243 59
342 80
150 28
200 41
432 42
176 81
59 51
392 42
280 73
203 76
135 24
331 99
254 28
541 1
87 93
363 8
199 13
539 41
12 59
517 2
239 35
291 32
66 98
196 36
364 45
162 71
482 79
157 12
520 43
62 48
25 25
289 76
92 66
101 45
367 49
93 92
176 72
252 56
273 69
589 22
596 77
25 98
424 33
437 60
34 1
498 12
471 71
214 14
265 44
44 47
384 50
600 10
219 91
589 86
120 67
530 46
8 48
362 58
238 74
483 44
505 2
545 19
496 22
292 92
102 50
584 9
215 42
420 74
585 85
197 84
206 101
163 22
273 90
435 61
359 3
287 77
56 71
596 30
61 42
522 57
333 84
169 85
243 93
322 49
530 78
267 93
356 21
448 35
534 53
278 46
113 81
193 68
413 65
145 25
150 42
56 28
451 66
511 59
269 55
554 48
517 9
593 45
81 54
25 24
217 88
50 16
412 71
489 69
408 84
249 3
274 2
158 39
3 55
491 25
188 12
284 48
51 22
534 21
422 23
150 70
375 61
583 52
233 92
384 73
586 48
333 24
466 95
44 1
299 91
451 77
553 67
193 83
211 85
178 62
538 70
263 65
82 38
301 93
504 81
364 69
395 13
587 40
581 58
442 43
27 47
537 88
171 33
575 70
150 43
381 28
150 80
252 68
410 49
100 15
80 75
303 44
122 76
365 6
68 51
401 3
52 80
323 92
75 70
144 52
228 82
367 1
234 11
221 12
543 75
404 98
138 13
519 85
200 66
289 100
366 19
479 60
142 25
19 100
425 10
226 72
76 8
320 94
389 23
355 10
135 62
237 54
149 65
582 15
332 23
145 15
436 34
21 49
440 11
464 42
564 45
567 10
70 82
360 54
40 20
356 74
53 95
455 59
570 28
42 60
463 54
252 37
166 4
388 73
363 78
497 81
164 95
158 61
227 82
408 4
2 93
241 55
431 6
283 65
152 31
333 27
176 72
362 99
331 61
18 18
70 27
192 14
290 24
6 89
67 71
278 31
180 61
243 62
118 100
407 27
336 47
6 92
168 86
490 10
99 98
105 28
58 27
252 1
126 42
137 81
453 89
187 96
437 18
577 85
97 98
212 51
354 21
557 56
503 83
86 44
495 50
487 84
502 74
445 92
15 47
190 40
322 28
384 24
94 17
106 70
160 31
355 32
93 31
2 35
420 31
565 75
567 74
486 8
347 50
475 81
126 77
117 50
186 92
83 58
95 54
312 1
477 100
50 55
465 93
133 56
504 36
7 99
522 77
141 81
113 37
542 59
315 2
126 97
195 72
198 87
7 97
354 22
486 80
115 22
176 58
366 87
106 40
124 30
257 30
36 18
463 24
46 3
397 67
233 57
376 59
240 81
55 73
111 100
3 100
101 4
383 92
525 92
291 7
397 62
92 4
506 24
230 96
451 99
244 15
574 11
527 8
120 11
422 54
377 13
149 11
287 28
273 74
322 33
194 41
432 46
538 87
537 25
557 25
157 75
522 50
301 78
321 10
16 98
149 27
127 83
387 33
155 27
420 88
381 73
160 79
374 13
595 64
296 7
61 15
461 40
516 90
447 17
173 39
135 7
131 38
585 69
423 46
552 12
256 73
110 98
540 83
399 10
192 83
399 35
597 33
289 79
36 40
226 43
372 15
253 100
257 92
191 30
430 42
422 99
238 16
566 63
224 8
580 65
145 4
574 89
566 6
171 36
418 80
503 23
477 16
42 22
6 49
2 25
362 51
309 92
414 43
387 52
545 36
323 4
493 94
206 73
136 78
201 78
422 58
191 85
193 36
310 75
579 19
320 47
43 94
557 101
151 1
327 60
409 81
502 95
501 14
53 62
354 37
237 2
63 1
352 92
527 11
193 56
504 36
234 7
273 60
206 72
482 22
56 64
64 51
451 59
457 61
28 43
340 84
437 57
13 76
332 78
232 98
563 2
396 83
112 27
522 88
32 52
422 23
528 98
461 68
276 59
7 57
491 85
520 70
27 34
305 23
289 46
100 62
388 54
232 55
75 9
409 26
475 82
148 10
141 20
65 99
480 100
154 1
587 71
27 83
294 20
427 71
233 55
426 6
4 85
507 36
185 72
484 88
207 47
395 64
49 60
76 96
495 36
424 50
370 51
272 18
293 4
290 92
523 3
451 84
12 73
478 98
164 101
244 96
333 28
252 90
515 28
37 86
288 71
402 14
386 60
133 39
314 10
463 60
31 2
486 1
210 43
192 54
506 64
24 52
555 49
567 100
123 36
564 81
325 40
95 12
154 30
202 59
540 66
41 76
12 76
388 72
63 57
450 77
261 30
32 9
243 84
579 61
401 77
114 83
173 41
304 18
145 80
208 43
259 33
305 76
508 86
348 32
172 79
116 87
124 62
22 45
131 53
184 1
229 12
287 63
592 48
316 19
217 48
255 92
87 34
366 21
70 95
335 98
295 20
5 87
38 67
448 14
21 56
536 5
503 74
18 40
14 98
212 8
537 91
86 16
440 71
321 78
2 46
93 23
266 71
293 10
69 47
342 10
111 65
577 16
399 19
556 1
600 16
495 34
57 31
421 35
103 4
458 66
488 55
301 99
276 39
382 23
224 4
177 64
267 73
275 80
45 63
252 27
476 66
294 5
112 63
54 91
386 88
192 57
265 4
119 38
85 65
557 77
495 80
432 27
384 35
255 101
481 101
235 79
435 24
361 88
320 60
46 60
506 6
60 88
411 47
109 48
452 38
237 96
490 69
261 91
294 85
500 9
99 98
537 52
469 91
71 49
145 56
176 89
39 10
421 14
95 3
276 59
371 39
188 60
33 96
21 81
325 71
451 58
372 88
133 68
371 27
424 29
1 6
90 29
434 80
28 80
598 67
367 39
529 96
442 101
596 97
218 5
236 21
436 96
354 20
407 28
427 84
78 14
153 39
140 43
129 1
88 42
414 8
132 34
582 38
584 13
267 43
492 7
421 67
142 2
519 67
81 39
495 60
279 47
345 6
359 99
38 53
338 19
425 2
531 88
354 35
390 45
583 12
491 99
8 88
50 75
585 84
184 18
93 1
299 43
73 16
147 76
367 2
298 99
157 61
133 48
29 42
59 10
62 16
5 38
283 41
559 68
354 25
55 21
111 35
435 48
482 18
15 2
390 65
183 44
420 51
378 31
96 78
352 71
73 67
133 67
207 58
598 94
344 75
3 38
500 44
438 52
162 14
580 75
146 61
497 62
340 25
81 61
105 50
380 47
169 16
177 49
532 34
214 23
557 50
351 40
276 18
253 19
323 92
433 83
75 46
370 1
559 1
562 99
105 4
184 86
212 73
418 100
283 82
16 88
8 15
553 36
190 25
480 40
355 36
207 51
145 76
87 59
268 57
55 43
449 87
459 10
52 26
271 42
410 6
436 17
561 16
113 56
60 80
478 10
564 29
541 73
27 90
459 1
171 50
494 28
183 93
526 30
488 80
264 7
234 1
529 2
96 81
536 84
197 101
128 26
172 7
380 91
491 97
452 56
356 8
591 56
188 52
129 98
231 4
199 38
172 54
472 4
76 36
470 65
385 97
237 53
517 36
380 28
537 71
290 5
63 28
363 35
545 55
403 24
243 56
481 68
342 10
304 75
247 35
138 43
400 70
334 5
286 33
468 75
163 5
390 24
508 78
201 84
533 70
4 82
403 89
193 24
394 95
218 34
105 14
101 26
323 69
506 10
279 58
445 71
370 27
24 25
395 91
43 13
295 24
86 97
303 96
357 47
375 37
597 7
288 67
231 73
496 46
298 99
448 81
486 78
254 67
87 55
308 86
22 74
241 40
518 15
351 83
533 23
365 12
218 76
357 7
134 22
328 89
46 13
593 44
544 99
279 90
467 18
447 23
324 36
114 26
399 68
107 24
194 21
243 32
312 80
320 83
165 36
595 30
509 45
130 12
538 23
110 64
142 93
493 62
501 9
522 41
583 73
43 66
116 90
523 24
136 18
34 92
314 71
306 54
336 11
355 10
69 1
137 7
445 99
476 25
248 96
305 93
414 79
15 79
250 58
316 37
570 94
169 72
214 3
531 91
534 20
284 98
41 42
90 59
371 29
45 41
102 52
135 77
397 51
327 100
189 91
430 70
285 20
46 63
336 52
344 1
368 93
445 92
165 22
327 43
302 24
361 28
7 53
484 37
124 80
67 40
364 34
273 34
410 73
538 42
328 69
415 14
493 66
150 38
529 57
274 37
310 80
534 8
378 29
288 10
210 35
204 21
16 70
389 23
328 85
196 100
544 28
114 88
54 20
592 48
591 95
353 47
60 7
494 84
439 2
451 93
31 70
488 46
425 60
483 20
584 33
419 37
46 58
544 27
187 99
81 62
220 12
422 3
240 79
480 28
392 89
341 1
453 23
288 32
478 47
425 69
577 68
193 86
34 94
73 89
187 12
475 29
323 18
368 94
529 52
252 25
538 71
559 71
362 10
21 22
503 68
256 90
132 98
517 54
285 22
564 17
102 74
380 28
281 62
479 42
64 27
249 87
359 70
71 72
406 90
550 72
238 24
513 22
329 74
71 10
351 53
355 63
78 88
54 48
553 70
107 76
68 82
529 5
175 41
374 63
554 89
322 62
256 69
562 27
407 68
286 47
119 89
173 8
408 98
568 50
33 51
572 15
62 17
395 18
314 78
501 66
501 85
35 42
176 22
173 69
495 3
276 15
221 100
450 44
287 78
209 30
25 49
90 69
86 43
567 56
511 41
347 36
465 67
600 33
587 97
480 72
80 24
568 59
99 50
450 91
24 21
115 44
275 45
413 51
371 64
317 51
238 40
575 19
387 85
144 24
156 85
349 39
139 60
106 78
126 83
166 32
358 33
437 2
532 88
53 23
5 4
61 31
216 52
179 24
133 88
245 30
553 61
11 20
39 70
451 43
361 35
124 87
551 66
575 24
559 32
362 25
205 45
335 7
165 61
118 78
495 41
294 35
458 34
561 14
173 56
377 95
594 54
53 19
19 41
281 58
217 87
517 101
171 69
188 4
84 3
319 83
384 13
267 79
592 38
33 10
156 39
541 97
393 93
409 86
308 27
219 94
485 79
132 52
398 18
218 87
310 23
472 19
473 28
452 98
115 13
554 58
493 84
151 86
167 72
153 3
247 51
205 43
273 79
16 63
7 5
506 44
354 31
336 59
290 73
290 72
226 96
316 28
584 80
528 7
564 94
403 11
430 68
367 34
437 74
82 6
69 77
517 38
337 32
399 32
386 100
267 73
470 44
215 65
580 10
110 49
575 64
185 65
537 7
353 63
274 6
504 16
321 60
393 68
19 9
581 63
305 42
120 34
494 67
307 80
594 28
283 97
129 44
218 54
72 86
124 50
520 26
524 61
51 32
400 19
599 72
138 8
249 28
537 99
323 26
584 98
561 29
517 62
497 2
421 16
298 61
590 76
582 4
517 68
306 13
145 87
517 75
255 30
239 6
351 3
453 5
470 80
242 28
230 38
56 15
148 36
367 98
576 11
381 94
386 90
159 9
419 94
158 46
250 37
126 67
80 32
187 25
486 50
285 97
389 78
93 13
118 91
224 86
91 75
540 27
573 35
537 57
200 75
242 44
540 73
179 30
558 49
405 44
254 51
97 18
242 55
433 1
211 47
469 59
93 21
124 74
581 7
161 78
343 4
64 25
142 97
265 90
63 101
293 99
495 86
478 71
220 60
76 70
10 33
93 57
288 19
372 39
178 68
438 71
488 42
265 67
38 35
534 41
229 77
240 50
26 6
581 43
5 20
429 86
333 10
545 32
131 5
365 9
500 46
473 17
491 14
252 84
142 31
498 50
135 62
553 54
133 100
254 98
460 63
141 55
323 34
232 94
125 45
23 8
315 85
353 89
520 20
178 59
300 18
558 15
508 99
165 101
66 55
232 40
129 56
499 62
397 16
483 56
24 69
241 25
455 21
495 84
263 24
435 36
258 78
474 20
494 54
231 48
576 53
476 36
540 64
32 28
361 50
185 2
531 23
452 101
488 80
539 48
320 6
590 14
526 24
293 38
420 65
69 5
374 24
537 66
302 93
411 56
96 31
83 7
262 35
367 53
343 50
180 27
211 41
548 42
82 79
256 56
326 37
575 47
278 87
256 100
541 3
45 28
210 59
513 71
585 91
35 26
250 40
139 40
600 90
356 49
101 52
194 17
4 89
254 41
31 65
401 33
162 40
485 63
280 57
66 83
548 10
247 57
338 18
359 48
471 8
71 44
223 59
460 28
62 34
482 94
281 17
459 22
125 58
524 15
376 62
159 4
383 63
332 6
304 47
377 88
321 66
452 58
24 93
534 50
220 76
378 31
4 5
110 12
367 84
26 66
275 4
599 44
402 64
130 84
338 32
16 83
28 1
4 75
408 18
551 91
318 6
367 66
8 85
427 75
574 25
198 29
482 5
51 35
70 31
552 53
202 29
29 83
290 23
334 56
415 70
103 87
277 38
280 53
205 54
138 27
420 91
321 58
332 77
2 46
129 54
118 86
518 30
120 43
217 8
563 89
45 81
175 75
463 48
558 7
267 63
426 47
487 26
146 29
64 33
565 70
340 100
222 31
280 28
552 63
203 60
379 37
338 4
375 83
29 26
81 60
402 38
36 81
513 48
170 11
512 84
243 49
448 8
229 20
175 20
349 10
23 93
213 76
294 58
366 19
144 3
136 40
115 80
536 65
545 71
528 54
411 81
597 39
275 17
118 51
459 27
256 60
268 5
274 75
514 65
5 87
254 9
219 85
44 8
413 52
151 6
29 31
561 71
11 52
463 17
198 85
451 29
9 98
548 53
505 65
196 62
404 56
161 56
300 8
358 8
515 7
410 22
257 7
361 3
524 5
434 98
464 93
473 10
367 57
182 15
395 4
142 99
234 99
344 81
352 51
194 95
451 43
588 11
35 89
309 5
537 73
62 19
410 81
276 32
347 41
410 55
271 74
78 94
255 35
298 20
594 33
286 89
581 42
164 80
228 42
236 80
305 44
266 22
140 52
244 5
493 100
152 78
334 101
38 2
84 68
337 8
183 23
436 45
392 34
266 14
139 33
239 91
509 9
381 62
232 74
194 1
532 97
344 84
560 27
548 87
265 90
20 78
50 14
474 82
261 18
438 17
417 4
76 22
453 18
329 18
203 7
340 10
424 56
338 88
196 101
138 82
197 50
459 43
569 24
266 91
155 85
440 15
13 36
276 36
96 80
109 72
47 96
563 98
147 58
302 16
202 32
599 31
401 58
446 89
516 18
211 85
99 49
481 92
56 90
199 9
326 2
305 9
364 59
79 52
370 87
485 79
308 75
59 35
60 94
53 10
380 87
237 95
445 17
383 11
578 4
70 44
16 24
149 52
426 13
265 6
23 26
53 39
383 14
373 62
543 27
72 76
521 44
72 57
496 23
187 65
554 59
511 99
302 15
289 68
16 96
399 14
122 46
151 3
174 19
567 51
314 42
175 91
106 9
444 71
116 91
518 45
400 8
515 69
439 18
21 28
318 70
26 47
579 92
380 74
167 36
296 23
524 38
250 57
112 13
313 98
426 56
142 36
173 49
35 67
476 76
426 86
533 4
387 26
25 94
50 94
354 49
448 43
349 15
401 65
554 80
103 28
106 28
581 82
169 99
294 70
284 2
30 4
293 33
257 89
516 70
355 62
504 22
512 38
590 77
581 13
121 70
406 65
155 50
105 36
91 66
475 27
24 3
578 21
109 74
243 39
333 98
437 2
489 58
470 57
71 40
356 27
277 67
46 38
102 90
532 96
20 44
300 13
552 97
295 51
134 34
387 96
116 82
26 68
92 80
243 8
207 83
343 46
93 35
511 56
363 62
61 65
140 3
120 2
475 73
291 68
255 4
24 70
424 61
593 63
401 63
247 48
303 38
79 47
81 90
90 20
577 98
475 8
42 97
183 32
529 53
288 71
41 97
458 7
346 44
498 34
482 91
467 69
591 43
243 51
27 10
101 33
576 83
272 85
526 23
73 61
172 90
492 85
363 73
161 14
89 53
76 27
100 56
317 7
253 50
530 17
88 16
98 91
17 10
99 8
1 39
237 50
385 78
361 46
534 7
501 30
190 2
153 26
138 61
311 51
236 55
390 74
435 60
399 35
44 83
452 7
347 5
190 24
275 42
30 20
242 78
110 45
136 19
296 27
10 55
527 90
242 26
550 63
505 78
254 101
560 52
11 91
587 8
577 70
471 82
587 25
14 77
324 49
480 47
561 42
476 15
247 47
128 91
521 52
349 84
277 24
326 52
168 96
82 69
143 49
328 81
431 77
19 98
207 13
126 85
349 61
369 10
213 41
77 21
497 78
253 30
54 34
93 38
499 12
135 33
432 1
124 70
116 89
432 5
423 69
569 82
242 46
329 74
3 46
330 4
285 90
281 48
496 51
70 3
565 2
491 95
252 70
59 93
409 3
470 43
5 36
498 53
441 72
171 80
560 74
582 87
45 75
2 62
283 99
289 91
4 11
534 18
148 91
295 96
590 29
556 47
511 30
456 7
394 81
280 49
556 83
490 71
249 79
96 8
158 79
5 86
241 51
487 101
558 44
445 84
291 60
155 79
70 9
212 35
502 100
487 15
167 22
229 63
154 16
378 28
203 10
466 58
381 46
350 79
155 61
319 21
193 86
171 47
579 39
557 60
139 11
361 60
297 45
72 40
62 68
441 30
25 46
578 67
110 93
365 68
180 5
13 86
590 81
315 16
460 62
76 34
139 79
78 32
218 53
443 70
262 58
116 60
233 31
266 74
302 11
41 20
568 46
551 101
195 47
75 14
339 36
41 54
444 36
189 75
434 70
293 89
290 51
212 57
401 14
117 24
571 93
101 12
590 98
108 5
568 39
12 34
175 89
115 31
16 73
382 68
49 46
295 36
363 50
441 26
2 35
72 98
55 51
207 14
248 25
324 97
486 98
558 50
287 72
154 24
61 63
26 13
96 100
248 68
583 73
58 68
476 81
134 87
505 61
359 19
77 69
456 29
139 15
121 30
333 6
72 61
573 2
25 95
109 67
9 83
32 62
223 2
159 29
493 54
16 75
102 11
277 31
224 5
169 84
483 64
600 86
434 72
191 91
226 45
121 15
321 52
540 73
74 48
92 62
61 99
406 61
283 2
112 61
235 9
463 35
535 82
440 68
571 46
539 20
214 64
565 6
457 94
557 43
552 101
105 40
111 44
106 68
96 38
582 44
322 2
428 88
371 89
573 84
97 89
553 41
85 31
471 61
577 95
546 9
76 78
104 41
75 62
260 47
402 46
551 10
372 75
386 24
463 88
415 45
20 48
489 14
406 78
569 78
432 89
450 5
299 51
487 20
136 49
564 42
275 89
579 54
234 73
272 57
557 2
382 7
573 90
83 42
553 100
553 16
63 25
431 64
392 101
120 93
439 36
194 40
227 9
330 30
411 90
470 9
266 83
458 77
380 79
351 39
375 87
521 13
69 54
400 100
89 10
570 98
119 69
246 82
178 89
196 26
264 91
283 75
88 81
523 62
384 53
397 74
96 10
96 24
43 84
581 97
470 36
165 101
401 21
193 94
287 88
505 97
313 84
161 71
487 20
258 93
289 39
101 11
179 64
38 82
96 95
